Time Layer1 Layer2 Layer3 Layer4
 0.005000  8.021477  0.987590  1.018147  3.298978
 0.010000  7.994133  0.985167  1.015430  3.288719
 0.015000  7.936461  0.981167  1.010787  3.268809
 0.020000  7.826984  0.975545  1.004040  3.234398
 0.025000  7.629600  0.968213  0.994940  3.177961
 0.030000  7.293768  0.959078  0.983174  3.089717
 0.035000  6.780660  0.948108  0.968376  2.961790
 0.040000  6.144964  0.935449  0.950143  2.799202
 0.045000  5.658945  0.921507  0.928064  2.625710
 0.050000  5.321160  0.907690  0.901760  2.462571
 0.055000  5.194950  0.896282  0.870941  2.315474
 0.060000  5.178224  0.890394  0.835476  2.199461
 0.065000  5.213790  0.893079  0.795479  2.214871
 0.070000  5.186069  0.905768  0.751403  2.246495
 0.075000  5.107106  0.927242  0.704111  2.336818
 0.080000  4.973062  0.954231  0.654925  2.454320
 0.085000  4.814224  0.983156  0.605607  2.568295
 0.090000  4.690876  1.011670  0.558266  2.656787
 0.095000  4.635845  1.039426  0.515194  2.708205
 0.100000  4.645769  1.068131  0.478653  2.659000
 0.105000  4.549156  1.180294  0.450647  2.645100
 0.110000  4.419924  1.223298  0.436597  2.654890
 0.115000  4.250263  1.256184  0.438719  2.667654
 0.120000  4.078218  1.311359  0.446554  2.675206
 0.125000  4.019887  1.391536  0.464850  2.662987
 0.130000  3.961592  1.470289  0.506855  2.734811
 0.135000  3.859841  1.545571  0.553597  2.757592
 0.140000  3.859085  1.612587  0.611396  2.680184
 0.145000  3.781665  1.667852  0.677619  2.659637
 0.150000  3.741861  1.703081  0.750404  2.585528
 0.155000  3.413354  1.882821  0.834613  2.525868
 0.160000  3.340083  1.897170  0.960142  2.462311
 0.165000  3.296280  1.895407  1.042974  2.433717
 0.170000  3.260118  1.882652  1.246280  2.302681
 0.175000  3.170986  1.885179  1.319839  2.271703
 0.180000  3.127166  1.898665  1.410168  2.231310
 0.185000  3.076369  1.931224  1.474036  2.221169
 0.190000  3.019843  1.957751  1.506229  2.245539
 0.195000  2.964897  1.995490  1.554008  2.228600
 0.200000  2.907701  2.065020  1.555339  2.235716
 0.205000  2.854161  2.103003  1.572983  2.235722
 0.210000  2.805817  2.120764  1.594034  2.217997
 0.215000  2.762450  2.082825  1.658708  2.185374
 0.220000  2.724108  2.101502  1.671505  2.136755
 0.225000  2.693122  2.082125  1.718627  2.081848
 0.230000  2.645358  2.105327  1.767767  2.035010
 0.235000  2.638293  2.102736  1.828286  2.008943
 0.240000  2.604060  2.130531  1.862321  2.007887
 0.245000  2.604892  2.142324  1.881163  1.984683
 0.250000  2.566815  2.143171  1.882840  2.010629
 0.255000  2.503588  2.131486  1.869568  2.036335
 0.260000  2.394323  2.110818  1.848909  2.092397
 0.265000  2.321616  2.114518  1.810907  2.100660
 0.270000  2.258064  2.092372  1.797469  2.097058
 0.275000  2.205499  2.160508  1.719997  2.081584
 0.280000  2.155196  2.187544  1.687083  2.055609
 0.285000  2.106409  2.213872  1.658152  2.021559
 0.290000  2.002456  2.269105  1.644655  1.986460
 0.295000  1.991050  2.220871  1.647518  1.945907
 0.300000  1.998548  2.168154  1.652511  1.908175
 0.305000  2.021072  2.127334  1.662005  1.876519
 0.310000  2.050842  2.121916  1.664175  1.852382
 0.315000  2.085762  2.131668  1.682432  1.834727
 0.320000  2.119954  2.153150  1.703029  1.820604
 0.325000  2.150445  2.165570  1.722830  1.806627
 0.330000  2.174890  2.168923  1.739547  1.790324
 0.335000  2.132994  2.145911  1.786869  1.770805
 0.340000  2.126380  2.114545  1.790536  1.748814
 0.345000  2.108392  2.075832  1.784469  1.726302
 0.350000  2.076453  2.039474  1.778760  1.705435
 0.355000  2.014219  2.024446  1.784978  1.687246
 0.360000  1.929712  2.027791  1.813074  1.657905
 0.365000  1.852400  2.023192  1.851122  1.637003
 0.370000  1.684070  2.039539  1.874869  1.697796
 0.375000  1.628652  2.048957  1.891276  1.666699
 0.380000  1.596982  2.051922  1.902469  1.628961
 0.385000  1.551153  2.052175  1.908835  1.584202
 0.390000  1.576721  2.013780  1.908360  1.532699
 0.395000  1.615947  1.970721  1.902580  1.481200
 0.400000  1.627166  1.950576  1.898603  1.450262
 0.405000  1.669356  1.930160  1.905973  1.460462
 0.410000  1.707527  1.945501  1.917110  1.503813
 0.415000  1.740258  1.953108  1.968950  1.550915
 0.420000  1.761014  1.994340  2.014516  1.590997
 0.425000  1.782503  2.069711  2.034594  1.605605
 0.430000  1.809341  2.104855  2.077684  1.596836
 0.435000  1.824917  2.128080  2.103180  1.591892
 0.440000  1.835819  2.131142  2.109586  1.585561
 0.445000  1.841805  2.112662  2.080440  1.616575
 0.450000  1.843276  2.080792  2.056098  1.609824
 0.455000  1.841261  2.050544  2.024753  1.600336
 0.460000  1.837086  2.035490  1.992466  1.586610
 0.465000  1.831951  2.039935  1.963159  1.568799
 0.470000  1.826685  2.057198  1.937929  1.550725
 0.475000  1.803842  2.088439  1.917062  1.539777
 0.480000  1.913150  2.023611  1.902207  1.541434
 0.485000  1.916171  2.007234  1.871898  1.594935
 0.490000  1.919443  1.979810  1.878086  1.605543
 0.495000  1.923858  1.950045  1.893577  1.613662
 0.500000  1.932841  1.924673  1.915928  1.619174
 0.505000  1.947121  1.906963  1.941279  1.633720
 0.510000  1.975665  1.904673  1.957518  1.641968
 0.515000  2.010524  1.907672  1.968378  1.652357
 0.520000  2.041544  1.914784  1.961941  1.680383
 0.525000  2.062832  1.921004  1.949074  1.704690
 0.530000  2.075918  1.923828  1.915468  1.746369
 0.535000  2.077954  1.927001  1.883968  1.764444
 0.540000  2.105440  1.927556  1.840924  1.781687
 0.545000  2.115992  1.927710  1.778711  1.839911
 0.550000  2.129596  1.925315  1.749446  1.878376
 0.555000  2.295650  1.917032  1.743240  1.785426
 0.560000  2.322573  1.911234  1.742660  1.803856
 0.565000  2.309895  1.910911  1.754756  1.815184
 0.570000  2.334219  1.892337  1.760992  1.819756
 0.575000  2.362244  1.885558  1.774551  1.806095
 0.580000  2.357021  1.916911  1.787154  1.803958
 0.585000  2.456251  1.889001  1.816849  1.806363
 0.590000  2.500165  1.898666  1.877762  1.818609
 0.595000  2.542529  1.916600  1.926249  1.841953
 0.600000  2.573863  1.929082  1.957046  1.869919
 0.605000  2.583969  1.936921  1.961869  1.891683
 0.610000  2.591019  1.925493  1.834496  2.038153
 0.615000  2.557719  1.918881  1.815634  2.027018
 0.620000  2.508646  1.937090  1.789416  1.987645
 0.625000  2.443035  1.954132  1.761772  1.963443
 0.630000  2.500737  1.869011  1.746228  1.954345
 0.635000  2.420803  1.891932  1.731960  1.970828
 0.640000  2.343456  1.902977  1.670470  2.070200
 0.645000  2.286644  1.909558  1.658270  2.134268
 0.650000  2.340814  1.859032  1.618534  2.208009
 0.655000  2.374551  1.838192  1.593660  2.247644
 0.660000  2.438180  1.818174  1.559806  2.288896
 0.665000  2.510744  1.789892  1.531771  2.319997
 0.670000  2.689499  1.755838  1.515975  2.231848
 0.675000  2.720030  1.722302  1.513914  2.244331
 0.680000  2.714384  1.696840  1.509429  2.239536
 0.685000  2.675290  1.684240  1.519635  2.235854
 0.690000  2.676223  1.684478  1.527878  2.157074
 0.695000  2.571280  1.687518  1.533717  2.137299
 0.700000  2.487221  1.709052  1.522493  2.122952
 0.705000  2.479683  1.672797  1.534810  2.099880
 0.710000  2.464950  1.689578  1.551136  2.087450
 0.715000  2.491674  1.696370  1.569961  2.110202
 0.720000  2.573110  1.696823  1.589234  2.129100
 0.725000  2.671375  1.687822  1.606832  2.156891
 0.730000  2.765458  1.661354  1.622357  2.185127
 0.735000  2.841788  1.627181  1.624597  2.204856
 0.740000  2.895144  1.583622  1.617700  2.210572
 0.745000  2.937988  1.536896  1.585854  2.178944
 0.750000  2.942768  1.513011  1.560044  2.167747
 0.755000  2.973705  1.454215  1.527079  2.158297
 0.760000  2.971682  1.442683  1.489312  2.169521
 0.765000  2.977841  1.466929  1.449484  2.173402
 0.770000  2.970699  1.514882  1.410692  2.186459
 0.775000  2.977630  1.551568  1.376003  2.211831
 0.780000  2.981939  1.606794  1.347827  2.245715
 0.785000  2.984523  1.613101  1.343767  2.276939
 0.790000  2.972731  1.624038  1.333651  2.246729
 0.795000  2.932708  1.614871  1.337100  2.244767
 0.800000  2.872531  1.617562  1.336635  2.239377
 0.805000  2.797851  1.586112  1.303721  2.278137
 0.810000  2.739020  1.537476  1.414449  2.151245
 0.815000  2.645818  1.502572  1.435878  2.151889
 0.820000  2.571428  1.471389  1.445126  2.155111
 0.825000  2.510156  1.459153  1.427679  2.164307
 0.830000  2.512884  1.434290  1.414114  2.130231
 0.835000  2.498306  1.416928  1.390327  2.151465
 0.840000  2.510843  1.407453  1.361083  2.180861
 0.845000  2.542498  1.404378  1.332684  2.217642
 0.850000  2.581181  1.404843  1.270656  2.284080
 0.855000  2.617719  1.406396  1.263767  2.306177
 0.860000  2.650266  1.425282  1.252950  2.306525
 0.865000  2.683033  1.432506  1.268315  2.289397
 0.870000  2.691257  1.435728  1.294404  2.280575
 0.875000  2.720951  1.436543  1.312803  2.268642
 0.880000  2.762577  1.443762  1.325891  2.269039
 0.885000  2.801517  1.457610  1.339800  2.282532
 0.890000  2.825583  1.462750  1.339257  2.312784
 0.895000  2.825482  1.459125  1.340490  2.389821
 0.900000  2.826570  1.482614  1.337193  2.435011
 0.905000  2.820093  1.478918  1.386064  2.429270
 0.910000  2.798080  1.481300  1.373921  2.445087
 0.915000  2.741583  1.491725  1.357585  2.465303
 0.920000  2.722512  1.510017  1.337682  2.446805
 0.925000  2.724875  1.533677  1.316053  2.422646
 0.930000  2.749461  1.558838  1.296583  2.400619
 0.935000  2.789653  1.594863  1.285206  2.384089
 0.940000  2.814359  1.616984  1.288503  2.373190
 0.945000  2.819736  1.634062  1.311125  2.369046
 0.950000  2.715699  1.644599  1.353330  2.465043
 0.955000  2.684926  1.646832  1.410190  2.461565
 0.960000  2.679834  1.592400  1.521022  2.407111
 0.965000  2.589252  1.574948  1.578853  2.424303
 0.970000  2.536504  1.549440  1.624769  2.396834
 0.975000  2.491097  1.520745  1.654440  2.359158
 0.980000  2.391416  1.504476  1.667043  2.383952
 0.985000  2.342044  1.503602  1.664429  2.332779
 0.990000  2.253890  1.520675  1.649647  2.313273
 0.995000  2.210177  1.547297  1.625639  2.252870
 1.000000  2.184175  1.573100  1.595730  2.193020
 1.005000  2.180164  1.592526  1.569167  2.142589
 1.010000  2.192986  1.609201  1.546155  2.115340
 1.015000  2.150285  1.703337  1.556135  2.104469
 1.020000  2.189082  1.719647  1.584584  2.099820
 1.025000  2.225633  1.751697  1.616792  2.091922
 1.030000  2.261027  1.776099  1.645560  2.085928
 1.035000  2.287150  1.785233  1.658030  2.084881
 1.040000  2.296986  1.778309  1.657823  2.092838
 1.045000  2.289749  1.762225  1.650895  2.100072
 1.050000  2.275164  1.747847  1.643632  2.104954
 1.055000  2.267485  1.743193  1.638242  2.109435
 1.060000  2.269560  1.764391  1.615432  2.127724
 1.065000  2.270691  1.791626  1.590377  2.152788
 1.070000  2.243259  1.827705  1.565377  2.178699
 1.075000  2.212318  1.829053  1.526406  2.212357
 1.080000  2.170153  1.818206  1.482275  2.226608
 1.085000  2.120901  1.799121  1.441672  2.229043
 1.090000  2.064176  1.764821  1.414614  2.222717
 1.095000  1.991409  1.729143  1.409946  2.215922
 1.100000  1.937700  1.678041  1.429890  2.215345
 1.105000  1.895096  1.630886  1.466418  2.220091
 1.110000  1.871436  1.598522  1.506475  2.224253
 1.115000  1.883808  1.587570  1.540406  2.203810
 1.120000  1.896572  1.595959  1.565424  2.194040
 1.125000  1.936851  1.605913  1.599702  2.159101
 1.130000  1.981207  1.623872  1.618600  2.100374
 1.135000  1.962925  1.638727  1.636420  2.089748
 1.140000  1.951747  1.652766  1.652665  2.074799
 1.145000  1.945057  1.668693  1.665036  2.069985
 1.150000  1.944260  1.685662  1.724071  2.022785
 1.155000  1.946532  1.701492  1.718780  2.037233
 1.160000  1.964517  1.705758  1.708662  2.059058
 1.165000  1.976778  1.712503  1.700067  2.084348
 1.170000  1.991097  1.714966  1.704452  2.105705
 1.175000  2.007859  1.711510  1.706155  2.130780
 1.180000  2.025925  1.715152  1.717665  2.138054
 1.185000  2.043324  1.734211  1.715823  2.136376
 1.190000  2.059094  1.780868  1.688651  2.129525
 1.195000  2.073785  1.782499  1.709092  2.122328
 1.200000  2.088161  1.778082  1.738285  2.118184
 1.205000  2.075164  1.777963  1.789903  2.116540
 1.210000  2.088407  1.765849  1.820722  2.113115
 1.215000  2.113968  1.750717  1.845721  2.089838
 1.220000  2.124075  1.736442  1.861390  2.067249
 1.225000  2.130948  1.726343  1.865992  2.030871
 1.230000  2.128158  1.721193  1.915172  1.924063
 1.235000  2.130657  1.699559  1.917582  1.871887
 1.240000  2.135157  1.702082  1.878599  1.826982
 1.245000  2.144428  1.700456  1.836930  1.801300
 1.250000  2.158854  1.703072  1.786302  1.802071
 1.255000  2.158842  1.713039  1.739569  1.829383
 1.260000  2.183582  1.721513  1.683394  1.872792
 1.265000  2.200546  1.751493  1.647499  1.916576
 1.270000  2.217222  1.788344  1.653552  1.937435
 1.275000  2.233780  1.828417  1.654370  1.971358
 1.280000  2.267292  1.866915  1.723826  1.917749
 1.285000  2.279056  1.899181  1.736305  1.924010
 1.290000  2.280046  1.921775  1.743662  1.919082
 1.295000  2.270142  1.932890  1.744012  1.906470
 1.300000  2.237939  1.941625  1.741231  1.890243
 1.305000  2.184530  1.928281  1.744017  1.918906
 1.310000  2.174217  1.904525  1.761318  1.895192
 1.315000  2.166912  1.873160  1.794959  1.863959
 1.320000  2.160023  1.837812  1.836672  1.825985
 1.325000  2.150895  1.803819  1.873593  1.789517
 1.330000  2.142720  1.772468  1.936844  1.712337
 1.335000  2.122377  1.758848  1.933584  1.733171
 1.340000  2.116466  1.753224  1.906223  1.790009
 1.345000  2.118701  1.753974  1.855046  1.863626
 1.350000  2.128206  1.771419  1.773465  1.931804
 1.355000  2.132586  1.779450  1.687164  1.985740
 1.360000  2.141244  1.786038  1.603326  2.005610
 1.365000  2.145702  1.791582  1.540059  2.001338
 1.370000  2.146008  1.796950  1.510748  1.974707
 1.375000  2.142825  1.803250  1.515701  1.929936
 1.380000  2.137501  1.812342  1.533429  1.882187
 1.385000  2.131284  1.827103  1.575512  1.827758
 1.390000  2.100588  1.850626  1.624262  1.800075
 1.395000  2.090803  1.876286  1.681156  1.769877
 1.400000  2.072393  1.923359  1.662256  1.834256
 1.405000  2.059720  1.972329  1.723833  1.810525
 1.410000  2.055422  1.982461  1.783831  1.806683
 1.415000  2.034691  2.008011  1.834859  1.795532
 1.420000  2.050276  2.001346  1.867163  1.790440
 1.425000  2.003705  1.965719  1.917388  1.854007
 1.430000  1.965998  1.951519  2.006400  1.818305
 1.435000  1.918244  1.944781  2.025945  1.864357
 1.440000  1.892726  1.932792  2.051743  1.883018
 1.445000  1.896745  1.914805  2.058283  1.901715
 1.450000  1.921461  1.906632  2.042148  1.916181
 1.455000  1.962147  1.899598  2.011390  1.931161
 1.460000  2.008649  1.955014  1.902365  1.961042
 1.465000  2.050533  1.946897  1.870053  1.973714
 1.470000  2.081694  1.936784  1.880785  1.956745
 1.475000  2.101287  1.928711  1.891149  1.966392
 1.480000  2.111806  1.928370  1.915615  1.979969
 1.485000  2.167977  1.886167  1.943669  2.000968
 1.490000  2.174396  1.907000  1.968663  2.030327
 1.495000  2.180640  1.936580  1.988034  2.065683
 1.500000  2.189815  1.965712  2.001545  2.101888
 1.505000  2.203420  1.984918  2.010125  2.132487
 1.510000  2.220177  1.990729  1.982439  2.182204
 1.515000  2.251090  1.951839  2.004425  2.187252
 1.520000  2.270542  1.934670  2.001781  2.178318
 1.525000  2.313911  1.924535  2.010267  2.113484
 1.530000  2.317931  1.929218  1.998684  2.095965
 1.535000  2.315775  1.946876  1.984651  2.077161
 1.540000  2.267592  2.013758  1.946359  2.085987
 1.545000  2.249161  2.045249  1.930923  2.065757
 1.550000  2.235521  2.074012  1.914357  2.043319
 1.555000  2.228449  2.102782  1.895366  2.018642
 1.560000  2.234717  2.132678  1.874055  1.992678
 1.565000  2.215903  2.189170  1.864205  1.966533
 1.570000  2.264670  2.185580  1.847291  1.941085
 1.575000  2.313725  2.167102  1.835139  1.917200
 1.580000  2.347317  2.134184  1.831827  1.886936
 1.585000  2.359269  2.110442  1.812057  1.867902
 1.590000  2.355098  2.110579  1.768530  1.837937
 1.595000  2.343738  2.095671  1.743429  1.805765
 1.600000  2.329987  2.087249  1.713260  1.768889
 1.605000  2.328749  2.064218  1.683242  1.735589
 1.610000  2.310855  2.059406  1.659949  1.716527
 1.615000  2.291195  2.051869  1.633058  1.734178
 1.620000  2.269038  2.038137  1.629002  1.752154
 1.625000  2.243253  2.014173  1.627695  1.777364
 1.630000  2.214999  1.978333  1.624386  1.802168
 1.635000  2.190472  1.989053  1.562010  1.823010
 1.640000  2.179624  1.935946  1.560953  1.838236
 1.645000  2.206055  1.872113  1.555509  1.860906
 1.650000  2.233672  1.839395  1.544265  1.870361
 1.655000  2.317529  1.775328  1.526329  1.858668
 1.660000  2.362406  1.739415  1.533549  1.837909
 1.665000  2.402851  1.738924  1.512051  1.808528
 1.670000  2.432539  1.754896  1.510618  1.758205
 1.675000  2.448397  1.791739  1.523587  1.718041
 1.680000  2.456723  1.828098  1.568225  1.675412
 1.685000  2.458679  1.877149  1.559760  1.704234
 1.690000  2.497213  1.859871  1.588426  1.725953
 1.695000  2.499207  1.895100  1.526707  1.831892
 1.700000  2.489772  1.899332  1.558417  1.857861
 1.705000  2.485383  1.895724  1.587641  1.884632
 1.710000  2.505126  1.891570  1.615879  1.876519
 1.715000  2.502548  1.889818  1.664856  1.868974
 1.720000  2.499991  1.886783  1.682268  1.884166
 1.725000  2.498801  1.892409  1.677936  1.899448
 1.730000  2.486575  1.876831  1.676469  1.918161
 1.735000  2.488639  1.848405  1.664570  1.933146
 1.740000  2.489352  1.819622  1.618554  1.982510
 1.745000  2.481648  1.785726  1.599004  1.999808
 1.750000  2.495736  1.757737  1.566748  2.008601
 1.755000  2.476042  1.763088  1.538773  2.005496
 1.760000  2.455171  1.779897  1.519793  1.988961
 1.765000  2.435703  1.801933  1.562723  1.915770
 1.770000  2.417845  1.744621  1.639461  1.879074
 1.775000  2.349198  1.783902  1.633244  1.858587
 1.780000  2.265277  1.798208  1.609015  1.901148
 1.785000  2.212689  1.803534  1.615602  1.880639
 1.790000  2.147910  1.778677  1.641473  1.881085
 1.795000  2.070554  1.769628  1.628884  1.901191
 1.800000  1.998115  1.747659  1.585005  1.962132
 1.805000  1.946680  1.720955  1.562905  1.996016
 1.810000  1.928813  1.702316  1.546689  2.026604
 1.815000  1.981086  1.671823  1.555352  2.052858
 1.820000  2.032668  1.703309  1.571023  2.073267
 1.825000  2.151961  1.695084  1.604262  2.085168
 1.830000  2.228603  1.759167  1.637255  2.076905
 1.835000  2.329201  1.797778  1.687783  2.047455
 1.840000  2.380718  1.854681  1.700169  2.046061
 1.845000  2.385352  1.920226  1.699788  2.037427
 1.850000  2.398348  1.948882  1.695509  2.029218
 1.855000  2.396838  1.961694  1.691943  2.039494
 1.860000  2.388580  1.964112  1.691898  2.086292
 1.865000  2.346008  1.987897  1.693252  2.165688
 1.870000  2.330135  1.970582  1.685742  2.271582
 1.875000  2.304300  1.951028  1.685617  2.335725
 1.880000  2.263037  1.934025  1.675311  2.388799
 1.885000  2.204985  1.923166  1.680634  2.402883
 1.890000  2.105515  1.954217  1.673002  2.390011
 1.895000  2.033859  1.951986  1.671114  2.354883
 1.900000  1.973653  1.949215  1.676257  2.313450
 1.905000  1.934531  1.910060  1.735641  2.257202
 1.910000  1.915558  1.889287  1.741778  2.253707
 1.915000  1.907340  1.864627  1.747617  2.242112
 1.920000  1.898957  1.840646  1.740065  2.233431
 1.925000  1.891543  1.823154  1.719817  2.233878
 1.930000  1.834990  1.878804  1.676612  2.244661
 1.935000  1.834966  1.866240  1.646737  2.270803
 1.940000  1.810995  1.848992  1.580094  2.376815
 1.945000  1.782969  1.860569  1.575136  2.413635
 1.950000  1.779187  1.869813  1.576751  2.441369
 1.955000  1.774340  1.870910  1.590759  2.475959
 1.960000  1.793782  1.860993  1.619809  2.511298
 1.965000  1.809340  1.832860  1.664022  2.543651
 1.970000  1.831682  1.800575  1.676709  2.590795
 1.975000  1.860141  1.750152  1.747401  2.600345
 1.980000  1.893361  1.723072  1.799073  2.596572
 1.985000  1.935212  1.705925  1.836917  2.576404
 1.990000  1.923674  1.759354  1.839893  2.572295
 1.995000  1.989027  1.743949  1.834122  2.542896
 2.000000  2.025531  1.747922  1.810002  2.518044
 2.005000  2.063938  1.752709  1.776374  2.500591
 2.010000  2.091294  1.755961  1.743075  2.484349
 2.015000  2.097927  1.740897  1.716083  2.478622
 2.020000  2.088354  1.727551  1.696086  2.450502
 2.025000  2.065693  1.698385  1.681046  2.419281
 2.030000  2.020913  1.658890  1.668726  2.384156
 2.035000  1.984444  1.608197  1.731002  2.293210
 2.040000  1.964810  1.550183  1.720440  2.259320
 2.045000  1.952729  1.509599  1.706637  2.235655
 2.050000  1.890006  1.645721  1.606361  2.220729
 2.055000  1.976840  1.641095  1.575232  2.127491
 2.060000  1.967983  1.650725  1.545935  2.132154
 2.065000  1.956647  1.674664  1.502803  2.146555
 2.070000  1.943829  1.710364  1.466727  2.160629
 2.075000  1.932097  1.768157  1.435803  2.168375
 2.080000  1.925455  1.809846  1.486463  2.122315
 2.085000  1.929926  1.847638  1.580640  2.033296
 2.090000  1.887366  1.879286  1.618044  2.069456
 2.095000  1.920977  1.907973  1.631677  2.056791
 2.100000  1.963787  1.918581  1.683435  2.036488
 2.105000  1.990206  1.930951  1.732202  2.027992
 2.110000  2.033267  1.899858  1.777522  2.042345
 2.115000  2.067222  1.854899  1.821033  2.078217
 2.120000  2.084394  1.799614  1.865339  2.138842
 2.125000  2.120971  1.702164  2.008141  2.120165
 2.130000  2.163143  1.639645  2.033096  2.171312
 2.135000  2.206648  1.596241  2.037667  2.203911
 2.140000  2.251154  1.566469  2.038626  2.203951
 2.145000  2.257844  1.568112  2.031691  2.209713
 2.150000  2.249728  1.588866  2.019457  2.194884
 2.155000  2.224711  1.625048  2.004128  2.180154
 2.160000  2.193702  1.669657  1.989700  2.172340
 2.165000  2.161082  1.711662  1.983135  2.180404
 2.170000  2.128998  1.766247  1.991144  2.203527
 2.175000  2.121953  1.813702  2.014032  2.233833
 2.180000  2.104954  1.859095  2.043507  2.262127
 2.185000  2.097224  1.885502  2.066988  2.278848
 2.190000  2.093608  1.886233  2.073027  2.275054
 2.195000  2.089526  1.861775  2.053927  2.246967
 2.200000  2.135033  1.819743  2.006909  2.156083
 2.205000  2.243738  1.771021  1.935669  2.007212
 2.210000  2.244933  1.725178  1.851562  1.985748
 2.215000  2.242394  1.690127  1.771675  2.001499
 2.220000  2.233157  1.674676  1.712602  2.036348
 2.225000  2.211891  1.687720  1.683518  2.067662
 2.230000  2.172044  1.735642  1.682408  2.082623
 2.235000  2.066226  1.851259  1.704218  2.077931
 2.240000  1.977988  1.941499  1.740819  2.056738
 2.245000  1.860862  2.030125  1.785011  2.047370
 2.250000  1.743052  2.113096  1.847099  2.032801
 2.255000  1.679321  2.160955  1.878633  2.036476
 2.260000  1.640112  2.178616  1.894323  2.048847
 2.265000  1.618925  2.150791  1.902856  2.056386
 2.270000  1.633529  2.108159  1.889134  2.052734
 2.275000  1.654176  2.045120  1.834385  2.077787
 2.280000  1.696942  1.962907  1.833081  2.081651
 2.285000  1.765534  1.896681  1.831593  2.088078
 2.290000  1.843212  1.850515  1.817712  2.130899
 2.295000  1.915192  1.869224  1.790165  2.153470
 2.300000  1.966624  1.869573  1.807170  2.175384
 2.305000  1.972245  1.925879  1.790232  2.198942
 2.310000  1.988834  1.952680  1.777416  2.210011
 2.315000  1.983668  1.979659  1.762111  2.204086
 2.320000  1.958192  2.001018  1.750031  2.179446
 2.325000  1.894129  2.032796  1.745465  2.138984
 2.330000  1.852926  2.032586  1.753733  2.091397
 2.335000  1.823862  2.028554  1.769249  2.048508
 2.340000  1.817187  2.011274  1.812944  2.019312
 2.345000  1.838818  1.992129  1.851047  2.002126
 2.350000  1.871067  1.975452  1.885761  2.002382
 2.355000  1.913127  1.966594  1.912995  2.000410
 2.360000  1.955265  1.967103  1.907025  2.016853
 2.365000  1.989449  1.974556  1.891603  2.033506
 2.370000  2.082995  1.984565  1.875600  1.978640
 2.375000  2.086044  1.992644  1.865962  1.988181
 2.380000  2.076915  1.994612  1.865750  1.985831
 2.385000  2.059333  1.986571  1.869506  1.972354
 2.390000  2.037666  1.965493  1.879100  1.946182
 2.395000  2.015103  1.930104  1.887355  1.914697
 2.400000  2.037816  1.840143  1.833941  1.950736
 2.405000  2.014086  1.787356  1.835476  1.938037
 2.410000  1.999564  1.734478  1.835931  1.940693
 2.415000  1.999010  1.693221  1.838052  1.951448
 2.420000  2.013422  1.669460  1.847662  1.954344
 2.425000  2.040881  1.658343  1.855534  1.958994
 2.430000  2.107864  1.641059  1.881273  1.933372
 2.435000  2.159267  1.635793  1.894902  1.942178
 2.440000  2.217513  1.638707  1.902608  1.963834
 2.445000  2.276787  1.652587  1.910703  1.980482
 2.450000  2.329376  1.676104  1.909962  1.993616
 2.455000  2.378641  1.704648  1.911121  1.985090
 2.460000  2.403559  1.732571  1.937128  1.940432
 2.465000  2.416006  1.755260  1.944032  1.906536
 2.470000  2.413744  1.784115  1.934065  1.872385
 2.475000  2.425296  1.791761  1.927636  1.845047
 2.480000  2.447837  1.797796  1.907083  1.814383
 2.485000  2.477713  1.807450  1.871810  1.800135
 2.490000  2.510549  1.823378  1.800255  1.814825
 2.495000  2.521255  1.848380  1.754502  1.806661
 2.500000  2.536956  1.865861  1.717665  1.802903
 2.505000  2.534688  1.877810  1.696984  1.802331
 2.510000  2.512382  1.880504  1.696693  1.801922
 2.515000  2.468321  1.871866  1.703789  1.811883
 2.520000  2.412423  1.848874  1.713608  1.806275
 2.525000  2.354539  1.812521  1.719695  1.795645
 2.530000  2.306437  1.768681  1.708677  1.792338
 2.535000  2.276711  1.725952  1.709536  1.770810
 2.540000  2.266814  1.690528  1.718126  1.740602
 2.545000  2.284894  1.663671  1.741259  1.716652
 2.550000  2.327534  1.645624  1.778443  1.703694
 2.555000  2.352555  1.633821  1.859673  1.725523
 2.560000  2.420051  1.650333  1.903068  1.755867
 2.565000  2.478078  1.692675  1.937903  1.801647
 2.570000  2.434685  1.850454  1.951378  1.847862
 2.575000  2.447051  1.932709  1.962192  1.883832
 2.580000  2.434550  2.005974  1.975568  1.905484
 2.585000  2.485925  1.983262  1.991814  1.913155
 2.590000  2.449682  2.019119  2.011192  1.909120
 2.595000  2.406716  2.042287  2.025505  1.895740
 2.600000  2.403262  1.994965  2.038672  1.874043
 2.605000  2.357281  1.973288  2.039272  1.843102
 2.610000  2.277338  1.962516  2.024655  1.800987
 2.615000  2.224676  1.925740  1.996157  1.747869
 2.620000  2.170672  1.903909  1.958083  1.690622
 2.625000  2.127665  1.903407  1.916396  1.644811
 2.630000  2.110228  1.922967  1.878211  1.627452
 2.635000  2.118295  1.956538  1.850556  1.642235
 2.640000  2.156758  1.997464  1.837861  1.679801
 2.645000  2.199808  2.041972  1.840678  1.717614
 2.650000  2.229351  2.088491  1.856810  1.763509
 2.655000  2.239697  2.133177  1.884236  1.799828
 2.660000  2.231279  2.168798  1.916673  1.827212
 2.665000  2.210171  2.188900  1.949183  1.838958
 2.670000  2.185955  2.162041  2.003382  1.831396
 2.675000  2.163205  2.138030  2.017876  1.831356
 2.680000  2.158411  2.116658  2.018645  1.804607
 2.685000  2.162353  2.099009  2.003009  1.792019
 2.690000  2.166939  2.093420  1.962495  1.811841
 2.695000  2.164648  2.101127  1.911355  1.837243
 2.700000  2.152793  2.115083  1.861672  1.862970
 2.705000  2.133834  2.124318  1.830017  1.888807
 2.710000  2.111956  2.119138  1.822980  1.918222
 2.715000  2.088396  2.093988  1.833451  1.949737
 2.720000  2.060477  2.048944  1.849730  1.977682
 2.725000  2.025944  1.990908  1.863862  1.998662
 2.730000  1.987218  1.932959  1.873317  2.014084
 2.735000  1.950563  1.889017  1.880100  2.026139
 2.740000  1.922180  1.888317  1.868447  2.033308
 2.745000  1.905810  1.822097  1.871200  2.099274
 2.750000  1.902160  1.800994  1.914907  2.080506
 2.755000  1.907972  1.785249  1.960528  2.044758
 2.760000  1.915473  1.777512  1.997928  1.997943
 2.765000  1.914878  1.781440  2.021956  1.950051
 2.770000  1.900238  1.797192  2.035607  1.911773
 2.775000  1.875327  1.819581  2.046352  1.889898
 2.780000  1.853086  1.840245  2.058278  1.884928
 2.785000  1.845086  1.852676  2.068934  1.892500
 2.790000  1.851832  1.872203  2.057460  1.906694
 2.795000  1.916676  1.870090  2.114684  1.801063
 2.800000  1.935421  1.864832  2.110558  1.822484
 2.805000  1.960228  1.860408  2.112916  1.837057
 2.810000  1.991997  1.859410  2.119962  1.844237
 2.815000  2.046134  1.863610  2.127172  1.831352
 2.820000  2.086513  1.874044  2.130996  1.831102
 2.825000  2.122042  1.882312  2.131435  1.842442
 2.830000  2.139516  1.903329  2.131925  1.869349
 2.835000  2.139462  1.925938  2.135773  1.909249
 2.840000  2.139253  1.947839  2.123688  1.949146
 2.845000  2.079748  1.947456  2.128925  2.033622
 2.850000  2.041643  1.935047  2.123707  2.070940
 2.855000  1.991723  1.911865  2.102441  2.101901
 2.860000  1.889469  1.885014  2.065508  2.169634
 2.865000  1.849279  1.856801  2.014998  2.165328
 2.870000  1.809205  1.842497  1.960309  2.154470
 2.875000  1.795712  1.829170  1.878446  2.175723
 2.880000  1.806403  1.829245  1.841122  2.174795
 2.885000  1.841410  1.842693  1.818220  2.184332
 2.890000  1.902154  1.863997  1.804923  2.196618
 2.895000  1.952982  1.889837  1.808550  2.206674
 2.900000  1.997243  1.915079  1.788566  2.224541
 2.905000  2.029218  1.932612  1.758909  2.235626
 2.910000  2.049780  1.932074  1.721746  2.241506
 2.915000  2.065548  1.922260  1.679365  2.244916
 2.920000  2.183492  1.899750  1.644083  2.137620
 2.925000  2.236449  1.877855  1.613723  2.088396
 2.930000  2.260818  1.852171  1.637604  2.020152
 2.935000  2.247623  1.851598  1.638171  1.988807
 2.940000  2.222090  1.840402  1.647723  1.954636
 2.945000  2.185691  1.828422  1.662441  1.926640
 2.950000  2.151640  1.824950  1.674705  1.917631
 2.955000  2.120185  1.822957  1.690619  1.935729
 2.960000  2.098199  1.841561  1.696428  1.979306
 2.965000  2.083578  1.879208  1.690040  2.036625
 2.970000  2.072965  1.926572  1.655707  2.109691
 2.975000  2.064881  1.973800  1.649535  2.147805
 2.980000  2.092113  1.978557  1.659254  2.163307
 2.985000  2.100643  2.026989  1.662517  2.156177
 2.990000  2.106850  2.035009  1.690424  2.132876
 2.995000  2.112238  2.025477  1.712867  2.104625
 3.000000  2.110625  2.002186  1.727114  2.083878
 3.005000  2.096862  1.972408  1.739178  2.079194
 3.010000  2.070607  1.943169  1.759882  2.091608
 3.015000  2.038521  1.918324  1.794874  2.116068
 3.020000  2.012499  1.899263  1.838004  2.146118
 3.025000  2.002776  1.923237  1.842722  2.176112
 3.030000  2.009772  1.928235  1.858136  2.200109
 3.035000  2.023540  1.892414  1.894511  2.211719
 3.040000  2.032862  1.873270  1.900305  2.206181
 3.045000  2.034029  1.863437  1.885598  2.182338
 3.050000  2.031446  1.846743  1.870828  2.143514
 3.055000  2.059500  1.790335  1.860165  2.097540
 3.060000  2.064762  1.763498  1.855707  2.055361
 3.065000  2.073567  1.733995  1.858129  2.027629
 3.070000  2.103611  1.704421  1.867250  2.000047
 3.075000  2.098700  1.691982  1.881900  2.013429
 3.080000  2.132822  1.669478  1.899412  2.036984
 3.085000  2.162377  1.667826  1.905030  2.068316
 3.090000  2.196479  1.675943  1.930524  2.058805
 3.095000  2.224059  1.700179  1.938374  2.042530
 3.100000  2.240828  1.716004  1.934291  2.009520
 3.105000  2.225928  1.728122  1.921467  1.982752
 3.110000  2.222519  1.739155  1.907133  1.934366
 3.115000  2.214341  1.795629  1.859855  1.889885
 3.120000  2.230996  1.823373  1.847704  1.831535
 3.125000  2.218642  1.849537  1.840549  1.806961
 3.130000  2.195982  1.869713  1.836052  1.801950
 3.135000  2.162006  1.881359  1.835262  1.821147
 3.140000  2.142625  1.883872  1.838953  1.849677
 3.145000  2.106688  1.877979  1.843221  1.912656
 3.150000  2.080751  1.865301  1.840758  1.981525
 3.155000  2.066171  1.847923  1.825631  2.042426
 3.160000  2.029250  1.828001  1.795693  2.120977
 3.165000  2.149721  1.807484  1.752080  2.030469
 3.170000  2.163835  1.790443  1.693809  2.037958
 3.175000  2.185060  1.770808  1.636729  2.034379
 3.180000  2.208034  1.752000  1.586463  2.018169
 3.185000  2.228289  1.733659  1.553948  1.993430
 3.190000  2.244339  1.716273  1.547181  1.965826
 3.195000  2.220137  1.701558  1.567397  1.985014
 3.200000  2.254668  1.678415  1.608198  1.973926
 3.205000  2.240329  1.676796  1.658526  1.997720
 3.210000  2.213548  1.684913  1.710335  2.051733
 3.215000  2.279607  1.636307  1.754463  2.052758
 3.220000  2.292505  1.665857  1.786684  2.053241
 3.225000  2.302066  1.699605  1.806803  2.051797
 3.230000  2.309019  1.729907  1.806900  2.053375
 3.235000  2.314223  1.750911  1.813577  2.042391
 3.240000  2.318772  1.759494  1.816140  2.036513
 3.245000  2.308880  1.747956  1.821901  2.037195
 3.250000  2.305036  1.731156  1.836974  2.031789
 3.255000  2.276317  1.702737  1.853391  2.062111
 3.260000  2.248888  1.670826  1.877279  2.081463
 3.265000  2.225474  1.631625  1.905506  2.081523
 3.270000  2.162983  1.591250  1.939392  2.113743
 3.275000  2.092217  1.556047  1.973425  2.153386
 3.280000  2.020075  1.575309  1.966061  2.197064
 3.285000  1.929811  1.593335  1.990611  2.238539
 3.290000  1.870835  1.595798  2.013321  2.272753
 3.295000  1.826447  1.608171  2.036902  2.297762
 3.300000  1.799790  1.626191  2.062884  2.313864
 3.305000  1.792847  1.643835  2.029133  2.377215
 3.310000  1.805420  1.655660  2.058912  2.375542
 3.315000  1.834114  1.658931  2.094228  2.363047
 3.320000  1.872581  1.656616  2.117677  2.338315
 3.325000  1.919808  1.652516  2.135607  2.283619
 3.330000  1.926881  1.650884  2.134401  2.270433
 3.335000  1.953339  1.652832  2.127182  2.233233
 3.340000  1.965033  1.655848  2.134758  2.174202
 3.345000  1.942219  1.685155  2.123274  2.120493
 3.350000  1.910822  1.659307  2.151706  2.099729
 3.355000  1.896887  1.652251  2.143418  2.103255
 3.360000  1.864392  1.645830  2.130895  2.166138
 3.365000  1.840957  1.642536  2.115724  2.256188
 3.370000  1.840905  1.629489  2.098410  2.347780
 3.375000  1.821351  1.644300  2.078603  2.424462
 3.380000  1.827509  1.636721  2.056862  2.481216
 3.385000  1.830889  1.620651  2.035704  2.518397
 3.390000  1.800627  1.598637  2.018789  2.571655
 3.395000  1.790565  1.576583  2.008839  2.571198
 3.400000  1.833826  1.546178  2.005423  2.523665
 3.405000  1.826591  1.552130  2.029597  2.451355
 3.410000  1.840494  1.568257  2.053278  2.360769
 3.415000  1.881021  1.574520  2.042395  2.289780
 3.420000  1.902912  1.600188  2.029633  2.239089
 3.425000  1.953494  1.612262  2.031882  2.167605
 3.430000  2.005022  1.622453  2.050241  2.106313
 3.435000  2.049216  1.623347  2.070743  2.059296
 3.440000  2.080980  1.614103  2.059686  2.044909
 3.445000  2.112602  1.590021  2.052994  2.028403
 3.450000  2.071261  1.621074  2.030779  2.029372
 3.455000  2.032631  1.598103  1.975247  2.097058
 3.460000  2.018468  1.597426  1.911443  2.114759
 3.465000  1.980639  1.621331  1.887308  2.131362
 3.470000  1.963104  1.627734  1.957330  2.062917
 3.475000  1.930177  1.643700  1.960483  2.073906
 3.480000  1.916013  1.666658  1.940075  2.102846
 3.485000  1.900372  1.660583  1.952945  2.126736
 3.490000  1.886331  1.684237  1.956855  2.139085
 3.495000  1.881768  1.698491  1.964772  2.150785
 3.500000  1.894235  1.698688  1.980195  2.161116
 3.505000  1.923934  1.700929  1.977973  2.169294
 3.510000  1.962659  1.701381  1.965906  2.174739
 3.515000  1.999278  1.686976  1.963499  2.177273
 3.520000  2.120352  1.685755  1.943238  2.088191
 3.525000  2.128891  1.687880  1.927694  2.084172
 3.530000  2.058501  1.764638  1.921521  2.067458
 3.535000  2.075418  1.774670  1.925772  2.008790
 3.540000  2.032826  1.787789  1.938249  1.992582
 3.545000  1.987593  1.793298  1.954422  1.985066
 3.550000  1.965777  1.792843  1.968486  1.977913
 3.555000  1.963942  1.801727  1.975041  1.961204
 3.560000  1.940918  1.816530  1.960533  1.971769
 3.565000  1.907859  1.827548  1.945261  1.981292
 3.570000  1.884491  1.827802  1.927474  1.988295
 3.575000  1.854423  1.855935  1.899533  2.000450
 3.580000  1.857579  1.893314  1.861561  2.015215
 3.585000  1.889299  1.834011  1.899869  2.036975
 3.590000  1.940689  1.849784  1.845181  2.065498
 3.595000  1.986924  1.861747  1.791325  2.079428
 3.600000  2.022852  1.864165  1.744904  2.081029
 3.605000  2.045156  1.857969  1.699994  2.076606
 3.610000  2.055528  1.842838  1.678140  2.051883
 3.615000  2.058093  1.817380  1.664469  2.014859
 3.620000  2.036212  1.781113  1.663135  1.991903
 3.625000  2.048874  1.736739  1.685920  1.935923
 3.630000  2.079340  1.702682  1.716744  1.863414
 3.635000  2.090778  1.659744  1.773501  1.822920
 3.640000  2.095156  1.644020  1.840210  1.796750
 3.645000  2.099053  1.638087  1.913596  1.791630
 3.650000  2.106038  1.665404  1.995016  1.778593
 3.655000  2.111872  1.658517  2.075489  1.787253
 3.660000  2.099352  1.708714  2.108191  1.790404
 3.665000  2.098167  1.863016  1.996797  1.814446
 3.670000  2.057920  1.908820  1.979400  1.844112
 3.675000  2.070510  1.915865  1.951402  1.848755
 3.680000  2.047874  1.896766  1.949457  1.876891
 3.685000  2.019528  1.903422  1.940542  1.901903
 3.690000  1.968874  1.958975  1.926398  1.920775
 3.695000  1.942949  2.021830  1.903132  1.918402
 3.700000  1.921767  2.057572  1.824873  1.973769
 3.705000  1.901754  1.975415  1.909910  1.962149
 3.710000  1.933672  1.919180  1.928568  1.926427
 3.715000  1.919142  1.875486  1.970384  1.885353
 3.720000  1.917510  1.841092  1.995513  1.831306
 3.725000  1.927234  1.810780  2.038946  1.755170
 3.730000  1.944247  1.786124  2.058709  1.728427
 3.735000  1.973535  1.755997  2.068603  1.772444
 3.740000  2.014022  1.736807  2.058602  1.843267
 3.745000  2.052343  1.731229  2.039719  1.922529
 3.750000  2.103162  1.723288  2.020977  1.974411
 3.755000  2.144001  1.723102  1.989526  2.000155
 3.760000  2.167537  1.731148  1.959109  1.996928
 3.765000  2.170685  1.746612  1.943597  1.971174
 3.770000  2.134637  1.767653  1.966604  1.932502
 3.775000  2.071200  1.790771  2.013275  1.907066
 3.780000  2.036806  1.814370  2.036054  1.877891
 3.785000  2.006616  1.834047  2.074542  1.836153
 3.790000  1.986709  1.846501  2.083537  1.829214
 3.795000  1.904530  1.918824  2.071253  1.848219
 3.800000  1.907381  1.927412  2.164541  1.724039
 3.805000  1.941694  1.899127  2.113949  1.749023
 3.810000  1.950480  1.885290  2.051872  1.776904
 3.815000  1.953718  1.911255  1.950865  1.809721
 3.820000  1.946173  1.879862  1.906808  1.856674
 3.825000  1.926036  1.855671  1.890734  1.892699
 3.830000  1.897778  1.821409  1.908029  1.922499
 3.835000  1.867251  1.781118  1.956594  1.942767
 3.840000  1.841245  1.749586  2.022327  1.952731
 3.845000  1.825047  1.728408  2.094435  1.953534
 3.850000  1.831793  1.732790  2.164704  1.938556
 3.855000  1.837601  1.763970  2.208048  1.934408
 3.860000  1.859498  1.815424  2.230799  1.922520
 3.865000  1.874330  1.860216  2.236748  1.941248
 3.870000  1.892199  1.902690  2.230954  1.959922
 3.875000  1.911632  1.941842  2.217990  1.969075
 3.880000  1.930239  1.976295  2.201794  1.968565
 3.885000  1.876723  2.061529  2.198852  1.964159
 3.890000  1.881697  2.078317  2.189868  1.959739
 3.895000  1.878124  2.087566  2.180350  1.953522
 3.900000  1.799235  2.089866  2.168731  2.008347
 3.905000  1.789219  2.073140  2.153742  1.992933
 3.910000  1.765055  2.064445  2.093788  2.009323
 3.915000  1.766639  2.005957  2.078902  2.010130
 3.920000  1.730235  1.995565  2.073807  2.032877
 3.925000  1.696306  1.989306  2.084682  2.069735
 3.930000  1.681587  1.988611  2.113324  2.083077
 3.935000  1.652459  1.992024  2.155906  2.109185
 3.940000  1.635063  1.995394  2.203993  2.125634
 3.945000  1.634844  1.993352  2.247392  2.152766
 3.950000  1.672422  1.981654  2.277680  2.161780
 3.955000  1.733785  1.959493  2.290467  2.163721
 3.960000  1.807410  1.930768  2.285413  2.154683
 3.965000  1.881429  1.902966  2.258249  2.144603
 3.970000  1.947517  1.883016  2.230564  2.117989
 3.975000  1.964916  1.917101  2.177149  2.095809
 3.980000  2.008223  1.922940  2.111281  2.081249
 3.985000  2.030008  1.900663  2.058454  2.073050
 3.990000  2.030427  1.868688  2.034542  2.029822
 3.995000  2.003952  1.836249  1.959899  2.020400
 4.000000  1.983996  1.783992  1.882959  2.001289
 4.005000  1.968062  1.730668  1.817821  1.973991
 4.010000  1.963741  1.683911  1.781489  1.945336
 4.015000  2.013990  1.670545  1.760278  1.883356
 4.020000  2.036560  1.659218  1.787362  1.875358
 4.025000  2.067079  1.667752  1.826355  1.878941
 4.030000  2.119321  1.650229  1.887761  1.886811
 4.035000  2.138215  1.683856  1.917040  1.891361
 4.040000  2.143476  1.717075  1.947451  1.877678
 4.045000  2.127049  1.747856  1.961286  1.867064
 4.050000  2.118663  1.820994  1.885419  1.872024
 4.055000  2.098600  1.836643  1.858576  1.879569
 4.060000  2.074985  1.841993  1.846747  1.861286
 4.065000  2.046591  1.838219  1.821474  1.843420
 4.070000  1.977258  1.829911  1.812558  1.849104
 4.075000  1.949722  1.824531  1.800380  1.835190
 4.080000  1.947165  1.829437  1.812043  1.816810
 4.085000  1.959534  1.844470  1.832695  1.812538
 4.090000  1.981531  1.883632  1.845424  1.817345
 4.095000  2.013294  1.929724  1.841764  1.829896
 4.100000  2.061144  1.973034  1.821445  1.824545
 4.105000  2.074714  2.016116  1.807366  1.813979
 4.110000  2.097890  2.033055  1.770707  1.790901
 4.115000  2.090878  2.043780  1.737631  1.776612
 4.120000  2.117271  1.991069  1.789900  1.707007
 4.125000  2.075252  1.941657  1.883120  1.694012
 4.130000  2.048588  1.954298  1.907630  1.689850
 4.135000  2.020843  1.965761  1.951182  1.689485
 4.140000  1.999225  1.975295  2.005609  1.685749
 4.145000  2.000647  1.981770  2.060767  1.674522
 4.150000  2.016427  1.982257  2.108409  1.689867
 4.155000  2.096128  1.972449  2.144939  1.673886
 4.160000  2.192583  1.942622  2.131263  1.709262
 4.165000  2.257635  1.902585  2.150362  1.711316
 4.170000  2.285260  1.853289  2.159431  1.723496
 4.175000  2.269761  1.813631  2.158775  1.740853
 4.180000  2.233855  1.804973  2.149484  1.759146
 4.185000  2.185592  1.827776  2.133004  1.776353
 4.190000  2.136369  1.867098  2.110943  1.791851
 4.195000  2.093574  1.907161  2.085515  1.804654
 4.200000  2.060174  1.938990  2.059460  1.812701
 4.205000  1.996497  1.997670  2.053005  1.801038
 4.210000  1.979875  1.998219  2.025625  1.795789
 4.215000  1.962821  1.949157  2.045781  1.775092
 4.220000  1.941041  1.916910  2.014944  1.756512
 4.225000  1.913676  1.877569  1.988454  1.734179
 4.230000  1.934642  1.835794  1.986540  1.657618
 4.235000  1.899994  1.805439  2.018264  1.637114
 4.240000  1.873807  1.784534  2.075408  1.611796
 4.245000  1.863527  1.769671  2.112682  1.603524
 4.250000  1.870790  1.755487  2.133923  1.601558
 4.255000  1.899124  1.690201  2.178790  1.603897
 4.260000  1.925398  1.674870  2.145812  1.635172
 4.265000  1.952372  1.654850  2.137245  1.631859
 4.270000  1.976755  1.649623  2.122018  1.630848
 4.275000  2.001879  1.663267  2.101555  1.632218
 4.280000  2.039850  1.692839  2.077905  1.621369
 4.285000  2.079467  1.748573  2.053105  1.617328
 4.290000  2.106319  1.810452  2.031809  1.621904
 4.295000  2.145149  1.864408  2.008795  1.618896
 4.300000  2.188485  1.892533  1.987044  1.626144
 4.305000  2.201007  1.922155  1.966445  1.637725
 4.310000  2.178672  1.976225  1.946674  1.663539
 4.315000  2.172784  2.003653  1.929338  1.688382
 4.320000  2.171800  2.030473  1.919328  1.710552
 4.325000  2.181042  2.082076  1.866734  1.748703
 4.330000  2.214087  2.091633  1.885746  1.767342
 4.335000  2.240624  2.114093  1.902141  1.801336
 4.340000  2.213388  2.132003  1.955837  1.883746
 4.345000  2.236101  2.144489  2.012989  1.889404
 4.350000  2.250123  2.150412  2.063933  1.883734
 4.355000  2.253119  2.149228  2.094618  1.880657
 4.360000  2.245918  2.142048  2.112310  1.873336
 4.365000  2.244006  2.121152  2.120399  1.862679
 4.370000  2.228763  2.110135  2.122252  1.849690
 4.375000  2.217297  2.097673  2.120146  1.835775
 4.380000  2.212882  2.078718  2.115518  1.822671
 4.385000  2.230055  2.034618  2.101566  1.823770
 4.390000  2.235821  1.985518  2.090912  1.821001
 4.395000  2.236355  1.879143  2.132869  1.820927
 4.400000  2.209591  1.810202  2.087539  1.883502
 4.405000  2.174589  1.753748  2.090947  1.886060
 4.410000  2.117613  1.725335  2.096292  1.889953
 4.415000  2.042494  1.732454  2.103252  1.894076
 4.420000  2.017972  1.785150  2.026102  1.897068
 4.425000  1.949248  1.762569  2.125727  1.881291
 4.430000  1.899243  1.819567  2.129253  1.874560
 4.435000  1.876709  1.870061  2.122028  1.865977
 4.440000  1.864869  1.919676  2.102705  1.857088
 4.445000  1.867677  1.958238  2.040396  1.881574
 4.450000  1.880078  1.983903  2.018680  1.869503
 4.455000  1.891390  1.998971  1.995797  1.869096
 4.460000  1.890671  2.001014  1.983042  1.883826
 4.465000  1.874094  1.995439  1.978097  1.912959
 4.470000  1.845988  1.980645  1.980364  1.952291
 4.475000  1.815132  1.968169  1.945440  2.019266
 4.480000  1.791056  1.957055  1.920718  2.062961
 4.485000  1.784055  1.951170  1.877629  2.101093
 4.490000  1.802661  1.952174  1.797511  2.155680
 4.495000  1.842991  1.958694  1.735950  2.173414
 4.500000  1.888135  1.967878  1.681355  2.179804
 4.505000  1.945625  2.011664  1.614603  2.152736
 4.510000  1.992856  2.004721  1.613895  2.119018
 4.515000  2.005769  2.003852  1.613978  2.103471
 4.520000  2.011070  2.000449  1.627461  2.085795
 4.525000  2.010246  1.996915  1.651254  2.067885
 4.530000  2.006273  1.989930  1.683010  2.051853
 4.535000  1.992215  1.942013  1.763234  2.040179
 4.540000  1.969191  1.920153  1.803338  2.035465
 4.545000  1.942687  1.877862  1.893456  1.988894
 4.550000  1.921276  1.810512  1.929489  2.002755
 4.555000  1.909149  1.728689  1.962459  2.029651
 4.560000  1.918316  1.658260  1.994128  2.059817
 4.565000  1.935799  1.646322  2.019609  2.095442
 4.570000  1.949640  1.682485  2.040378  2.132019
 4.575000  1.951319  1.733949  2.051767  2.165082
 4.580000  1.941440  1.773847  2.051076  2.192489
 4.585000  1.928328  1.797714  2.038776  2.215732
 4.590000  1.952671  1.824740  2.004689  2.208356
 4.595000  1.961172  1.840143  1.981361  2.224469
 4.600000  1.971704  1.880190  1.947722  2.228844
 4.605000  1.974755  1.897424  1.932557  2.244495
 4.610000  1.990027  1.893801  1.915808  2.253403
 4.615000  1.961537  1.917275  1.910517  2.253088
 4.620000  1.916742  1.929239  1.920823  2.242386
 4.625000  1.861329  1.941230  1.934007  2.221144
 4.630000  1.784114  1.972829  1.934743  2.206066
 4.635000  1.738367  1.981435  1.982413  2.137510
 4.640000  1.686707  1.986626  1.990077  2.130622
 4.645000  1.647425  1.985003  1.996083  2.143186
 4.650000  1.681362  1.975929  1.965013  2.149191
 4.655000  1.736128  1.960751  1.951570  2.142448
 4.660000  1.803312  1.942625  1.928994  2.142906
 4.665000  1.875188  1.925874  1.896793  2.147289
 4.670000  1.943619  1.915027  1.856601  2.151739
 4.675000  1.999839  1.914881  1.813596  2.154463
 4.680000  2.025557  1.959626  1.754110  2.157007
 4.685000  2.042272  1.973449  1.740127  2.163191
 4.690000  2.034875  2.016572  1.729977  2.176178
 4.695000  2.050875  2.067462  1.726231  2.153432
 4.700000  2.014029  2.120438  1.723928  2.177807
 4.705000  1.999752  2.146972  1.717881  2.200581
 4.710000  1.984060  2.173787  1.729465  2.201535
 4.715000  1.981568  2.182777  1.706587  2.218057
 4.720000  1.986020  2.172954  1.677086  2.232961
 4.725000  1.983956  2.147846  1.644364  2.249617
 4.730000  1.977762  2.114159  1.612963  2.269920
 4.735000  1.966249  2.078537  1.587963  2.293796
 4.740000  1.940652  2.045822  1.574024  2.341115
 4.745000  1.935169  2.077355  1.522401  2.362337
 4.750000  1.880595  2.137160  1.529379  2.369939
 4.755000  1.885519  2.106733  1.657628  2.302604
 4.760000  1.893244  2.123885  1.698785  2.244911
 4.765000  1.903811  2.143454  1.770128  2.172416
 4.770000  1.916334  2.158066  1.840204  2.104036
 4.775000  1.928155  2.160194  1.910011  2.027143
 4.780000  1.925598  2.164019  2.037025  1.887644
 4.785000  1.951929  2.135147  2.080358  1.813072
 4.790000  1.959375  2.094935  2.099903  1.809318
 4.795000  1.972313  2.048410  2.118724  1.822073
 4.800000  1.990479  2.011954  2.108906  1.860529
 4.805000  2.011165  1.983799  2.100619  1.888594
 4.810000  2.030773  1.970605  2.078266  1.923100
 4.815000  2.053529  1.972911  2.052924  1.948772
 4.820000  2.058606  1.989009  2.039377  1.967073
 4.825000  2.055229  2.003635  2.037321  1.977905
 4.830000  2.043628  2.013072  2.007421  2.015923
 4.835000  2.026631  2.019020  2.017356  2.007319
 4.840000  2.038976  2.025987  2.026462  1.958410
 4.845000  2.033101  2.037656  2.029914  1.931928
 4.850000  2.035693  2.096013  1.985431  1.908183
 4.855000  2.037263  2.131286  1.944100  1.913833
 4.860000  1.992592  2.220632  1.929074  1.894645
 4.865000  1.987580  2.244463  1.921838  1.894780
 4.870000  1.995391  2.264657  1.922670  1.885732
 4.875000  2.002638  2.271525  1.944449  1.875932
 4.880000  2.009612  2.279237  1.955155  1.890780
 4.885000  2.016209  2.278923  1.965595  1.910636
 4.890000  2.014454  2.281783  2.017770  1.886735
 4.895000  2.024150  2.240638  2.030019  1.897228
 4.900000  2.034481  2.205458  2.020766  1.899979
 4.905000  2.043411  2.164280  2.004371  1.895260
 4.910000  2.047987  2.122734  1.984881  1.887273
 4.915000  2.045571  2.086434  2.000320  1.847727
 4.920000  2.034910  2.060442  1.997476  1.844750
 4.925000  2.016599  2.049709  2.000802  1.853571
 4.930000  1.987693  2.059049  2.009635  1.875558
 4.935000  1.941112  2.091384  2.021382  1.909158
 4.940000  1.923216  2.139337  2.036743  1.906770
 4.945000  1.905919  2.233943  2.043837  1.868465
 4.950000  1.939263  2.259969  2.048120  1.850071
 4.955000  1.944973  2.299881  2.049103  1.835077
 4.960000  1.949696  2.313603  2.046233  1.826985
 4.965000  1.952476  2.296296  2.039934  1.824949
 4.970000  1.856404  2.339947  2.032230  1.824724
 4.975000  1.868079  2.257138  2.025572  1.820848
 4.980000  1.869424  2.151660  2.021414  1.822054
 4.985000  1.872004  2.057998  1.992866  1.826986
 4.990000  1.871034  1.982420  1.963203  1.832615
 4.995000  1.868608  1.926780  1.980828  1.798767
 5.000000  1.871260  1.907850  1.996859  1.765945
