Time Temperature Pressure PotentialEnergy TotalEnergy
 0.005000  1.897666 -5.318066 -2.471566
 0.010000  1.891894 -5.309565 -2.471725
 0.015000  1.880825 -5.293269 -2.472031
 0.020000  1.861947 -5.265467 -2.472546
 0.025000  1.831149 -5.220050 -2.473326
 0.030000  1.782665 -5.148267 -2.474270
 0.035000  1.711082 -5.041326 -2.474704
 0.040000  1.618330 -4.900904 -2.473409
 0.045000  1.521267 -4.753047 -2.471147
 0.050000  1.442083 -4.633732 -2.470608
 0.055000  1.388192 -4.553804 -2.471516
 0.060000  1.352020 -4.500399 -2.472369
 0.065000  1.323871 -4.458467 -2.472660
 0.070000  1.298346 -4.420212 -2.472693
 0.075000  1.272958 -4.382222 -2.472786
 0.080000  1.245753 -4.341452 -2.472823
 0.085000  1.215849 -4.296409 -2.472636
 0.090000  1.184727 -4.249357 -2.472267
 0.095000  1.155666 -4.205448 -2.471949
 0.100000  1.131705 -4.169349 -2.471792
 0.105000  1.114199 -4.143154 -2.471856
 0.110000  1.102583 -4.125830 -2.471955
 0.115000  1.095808 -4.115669 -2.471958
 0.120000  1.093485 -4.112185 -2.471957
 0.125000  1.095346 -4.115050 -2.472030
 0.130000  1.100534 -4.122963 -2.472162
 0.135000  1.107755 -4.133877 -2.472244
 0.140000  1.116165 -4.146461 -2.472214
 0.145000  1.125716 -4.160784 -2.472210
 0.150000  1.136130 -4.176515 -2.472320
 0.155000  1.146244 -4.191795 -2.472429
 0.160000  1.154809 -4.204669 -2.472455
 0.165000  1.161319 -4.214386 -2.472408
 0.170000  1.165962 -4.221309 -2.472366
 0.175000  1.168995 -4.225868 -2.472376
 0.180000  1.170259 -4.227826 -2.472436
 0.185000  1.169234 -4.226325 -2.472474
 0.190000  1.165678 -4.220928 -2.472411
 0.195000  1.160116 -4.212515 -2.472342
 0.200000  1.153196 -4.202132 -2.472337
 0.205000  1.145209 -4.190124 -2.472311
 0.210000  1.136682 -4.177219 -2.472196
 0.215000  1.128969 -4.165470 -2.472016
 0.220000  1.123873 -4.157731 -2.471921
 0.225000  1.122406 -4.155572 -2.471963
 0.230000  1.124290 -4.158481 -2.472046
 0.235000  1.128590 -4.165025 -2.472140
 0.240000  1.134178 -4.173486 -2.472220
 0.245000  1.140052 -4.182331 -2.472254
 0.250000  1.145582 -4.190643 -2.472270
 0.255000  1.150323 -4.197791 -2.472307
 0.260000  1.153793 -4.203011 -2.472322
 0.265000  1.155799 -4.205966 -2.472267
 0.270000  1.156741 -4.207305 -2.472194
 0.275000  1.157216 -4.207991 -2.472167
 0.280000  1.157499 -4.208420 -2.472173
 0.285000  1.157578 -4.208534 -2.472167
 0.290000  1.157497 -4.208388 -2.472143
 0.295000  1.157451 -4.208292 -2.472116
 0.300000  1.157690 -4.208628 -2.472093
 0.305000  1.158424 -4.209716 -2.472080
 0.310000  1.159736 -4.211691 -2.472088
 0.315000  1.161478 -4.214342 -2.472124
 0.320000  1.163242 -4.217036 -2.472173
 0.325000  1.164494 -4.218953 -2.472212
 0.330000  1.164784 -4.219412 -2.472237
 0.335000  1.163826 -4.217982 -2.472244
 0.340000  1.161592 -4.214597 -2.472209
 0.345000  1.158493 -4.209866 -2.472126
 0.350000  1.155398 -4.205124 -2.472027
 0.355000  1.153312 -4.201933 -2.471965
 0.360000  1.152848 -4.201251 -2.471979
 0.365000  1.153895 -4.202892 -2.472048
 0.370000  1.155778 -4.205788 -2.472121
 0.375000  1.157698 -4.208722 -2.472175
 0.380000  1.159021 -4.210737 -2.472205
 0.385000  1.159395 -4.211291 -2.472199
 0.390000  1.158825 -4.210403 -2.472165
 0.395000  1.157625 -4.208562 -2.472124
 0.400000  1.156192 -4.206389 -2.472102
 0.405000  1.154788 -4.204285 -2.472103
 0.410000  1.153477 -4.202330 -2.472116
 0.415000  1.152223 -4.200457 -2.472123
 0.420000  1.151091 -4.198731 -2.472094
 0.425000  1.150464 -4.197729 -2.472033
 0.430000  1.150865 -4.198325 -2.472027
 0.435000  1.152361 -4.200608 -2.472066
 0.440000  1.154571 -4.203948 -2.472092
 0.445000  1.157113 -4.207780 -2.472110
 0.450000  1.159693 -4.211668 -2.472129
 0.455000  1.162044 -4.215212 -2.472146
 0.460000  1.163940 -4.218067 -2.472157
 0.465000  1.165259 -4.220036 -2.472148
 0.470000  1.166047 -4.221200 -2.472130
 0.475000  1.166417 -4.221755 -2.472129
 0.480000  1.166357 -4.221675 -2.472139
 0.485000  1.165774 -4.220798 -2.472138
 0.490000  1.164643 -4.219092 -2.472127
 0.495000  1.163055 -4.216688 -2.472106
 0.500000  1.161217 -4.213899 -2.472073
 0.505000  1.159449 -4.211211 -2.472037
 0.510000  1.158098 -4.209153 -2.472006
 0.515000  1.157467 -4.208182 -2.471981
 0.520000  1.157761 -4.208616 -2.471976
 0.525000  1.158967 -4.210454 -2.472003
 0.530000  1.160770 -4.213203 -2.472049
 0.535000  1.162691 -4.216116 -2.472079
 0.540000  1.164389 -4.218659 -2.472076
 0.545000  1.165843 -4.220808 -2.472043
 0.550000  1.167327 -4.222993 -2.472002
 0.555000  1.169195 -4.225774 -2.471983
 0.560000  1.171557 -4.229354 -2.472019
 0.565000  1.174007 -4.233112 -2.472101
 0.570000  1.175756 -4.235794 -2.472159
 0.575000  1.176216 -4.236475 -2.472151
 0.580000  1.175396 -4.235185 -2.472091
 0.585000  1.173836 -4.232767 -2.472013
 0.590000  1.172270 -4.230357 -2.471952
 0.595000  1.171299 -4.228873 -2.471925
 0.600000  1.171193 -4.228719 -2.471930
 0.605000  1.171887 -4.229789 -2.471958
 0.610000  1.173082 -4.231617 -2.471994
 0.615000  1.174386 -4.233603 -2.472024
 0.620000  1.175462 -4.235235 -2.472042
 0.625000  1.176091 -4.236187 -2.472051
 0.630000  1.176155 -4.236288 -2.472055
 0.635000  1.175596 -4.235452 -2.472059
 0.640000  1.174383 -4.233639 -2.472064
 0.645000  1.172490 -4.230805 -2.472069
 0.650000  1.169928 -4.226955 -2.472063
 0.655000  1.166840 -4.222296 -2.472037
 0.660000  1.163556 -4.217334 -2.471999
 0.665000  1.160522 -4.212748 -2.471965
 0.670000  1.158142 -4.209161 -2.471948
 0.675000  1.156639 -4.206914 -2.471956
 0.680000  1.155979 -4.205952 -2.471984
 0.685000  1.155918 -4.205890 -2.472013
 0.690000  1.156173 -4.206286 -2.472027
 0.695000  1.156578 -4.206890 -2.472023
 0.700000  1.157127 -4.207699 -2.472009
 0.705000  1.157922 -4.208874 -2.471991
 0.710000  1.159096 -4.210622 -2.471978
 0.715000  1.160713 -4.213051 -2.471981
 0.720000  1.162692 -4.216037 -2.471999
 0.725000  1.164815 -4.219239 -2.472017
 0.730000  1.166849 -4.222300 -2.472027
 0.735000  1.168633 -4.224980 -2.472030
 0.740000  1.170089 -4.227163 -2.472029
 0.745000  1.171200 -4.228826 -2.472026
 0.750000  1.171994 -4.230011 -2.472021
 0.755000  1.172535 -4.230815 -2.472012
 0.760000  1.172930 -4.231398 -2.472003
 0.765000  1.173280 -4.231924 -2.472004
 0.770000  1.173575 -4.232388 -2.472025
 0.775000  1.173636 -4.232509 -2.472056
 0.780000  1.173181 -4.231851 -2.472080
 0.785000  1.171994 -4.230074 -2.472083
 0.790000  1.170039 -4.227126 -2.472068
 0.795000  1.167468 -4.223243 -2.472040
 0.800000  1.164579 -4.218872 -2.472003
 0.805000  1.161753 -4.214597 -2.471968
 0.810000  1.159346 -4.210968 -2.471950
 0.815000  1.157564 -4.208299 -2.471952
 0.820000  1.156408 -4.206584 -2.471971
 0.825000  1.155710 -4.205562 -2.471997
 0.830000  1.155234 -4.204871 -2.472019
 0.835000  1.154784 -4.204207 -2.472032
 0.840000  1.154263 -4.203425 -2.472031
 0.845000  1.153703 -4.202577 -2.472022
 0.850000  1.153201 -4.201823 -2.472022
 0.855000  1.152761 -4.201184 -2.472043
 0.860000  1.152214 -4.200392 -2.472072
 0.865000  1.151319 -4.199065 -2.472086
 0.870000  1.149946 -4.196999 -2.472080
 0.875000  1.148147 -4.194283 -2.472062
 0.880000  1.146096 -4.191187 -2.472044
 0.885000  1.143967 -4.187987 -2.472036
 0.890000  1.141845 -4.184809 -2.472042
 0.895000  1.139717 -4.181623 -2.472047
 0.900000  1.137582 -4.178411 -2.472037
 0.905000  1.135582 -4.175384 -2.472011
 0.910000  1.133963 -4.172941 -2.471997
 0.915000  1.132855 -4.171291 -2.472009
 0.920000  1.132175 -4.170284 -2.472022
 0.925000  1.131792 -4.169712 -2.472024
 0.930000  1.131650 -4.169498 -2.472024
 0.935000  1.131733 -4.169629 -2.472030
 0.940000  1.131974 -4.170008 -2.472048
 0.945000  1.132213 -4.170393 -2.472073
 0.950000  1.132240 -4.170455 -2.472094
 0.955000  1.131899 -4.169950 -2.472101
 0.960000  1.131170 -4.168850 -2.472095
 0.965000  1.130161 -4.167328 -2.472086
 0.970000  1.129031 -4.165627 -2.472081
 0.975000  1.127904 -4.163939 -2.472082
 0.980000  1.126851 -4.162365 -2.472089
 0.985000  1.125882 -4.160919 -2.472096
 0.990000  1.125003 -4.159597 -2.472093
 0.995000  1.124287 -4.158513 -2.472082
 1.000000  1.123842 -4.157845 -2.472083
 1.005000  1.123668 -4.157605 -2.472102
 1.010000  1.123599 -4.157529 -2.472131
 1.015000  1.123364 -4.157206 -2.472159
 1.020000  1.122686 -4.156216 -2.472187
 1.025000  1.121319 -4.154187 -2.472208
 1.030000  1.119102 -4.150865 -2.472212
 1.035000  1.116058 -4.146280 -2.472193
 1.040000  1.112445 -4.140824 -2.472156
 1.045000  1.108695 -4.135159 -2.472116
 1.050000  1.105266 -4.129989 -2.472089
 1.055000  1.102490 -4.125823 -2.472088
 1.060000  1.100440 -4.122779 -2.472119
 1.065000  1.098884 -4.120495 -2.472169
 1.070000  1.097406 -4.118325 -2.472215
 1.075000  1.095624 -4.115678 -2.472242
 1.080000  1.093347 -4.112264 -2.472243
 1.085000  1.090672 -4.108220 -2.472211
 1.090000  1.088018 -4.104178 -2.472151
 1.095000  1.086046 -4.101157 -2.472088
 1.100000  1.085422 -4.100188 -2.472055
 1.105000  1.086488 -4.101803 -2.472071
 1.110000  1.089098 -4.105773 -2.472125
 1.115000  1.092717 -4.111268 -2.472193
 1.120000  1.096640 -4.117213 -2.472253
 1.125000  1.100216 -4.122617 -2.472293
 1.130000  1.102985 -4.126786 -2.472309
 1.135000  1.104701 -4.129367 -2.472316
 1.140000  1.105235 -4.130173 -2.472321
 1.145000  1.104519 -4.129093 -2.472314
 1.150000  1.102611 -4.126209 -2.472292
 1.155000  1.099730 -4.121861 -2.472267
 1.160000  1.096160 -4.116488 -2.472248
 1.165000  1.092167 -4.110483 -2.472232
 1.170000  1.088024 -4.104238 -2.472203
 1.175000  1.084128 -4.098345 -2.472153
 1.180000  1.081044 -4.093664 -2.472098
 1.185000  1.079338 -4.091074 -2.472067
 1.190000  1.079315 -4.091049 -2.472076
 1.195000  1.080863 -4.093415 -2.472121
 1.200000  1.083480 -4.097406 -2.472186
 1.205000  1.086425 -4.101893 -2.472256
 1.210000  1.088895 -4.105658 -2.472316
 1.215000  1.090203 -4.107657 -2.472352
 1.220000  1.089934 -4.107253 -2.472352
 1.225000  1.088078 -4.104427 -2.472310
 1.230000  1.085082 -4.099856 -2.472234
 1.235000  1.081743 -4.094762 -2.472147
 1.240000  1.078972 -4.090535 -2.472077
 1.245000  1.077523 -4.088325 -2.472041
 1.250000  1.077778 -4.088718 -2.472051
 1.255000  1.079643 -4.091570 -2.472105
 1.260000  1.082576 -4.096044 -2.472180
 1.265000  1.085801 -4.100946 -2.472245
 1.270000  1.088614 -4.105203 -2.472282
 1.275000  1.090583 -4.108163 -2.472288
 1.280000  1.091592 -4.109657 -2.472269
 1.285000  1.091797 -4.109930 -2.472234
 1.290000  1.091534 -4.109499 -2.472198
 1.295000  1.091165 -4.108924 -2.472177
 1.300000  1.090904 -4.108539 -2.472182
 1.305000  1.090718 -4.108285 -2.472209
 1.310000  1.090360 -4.107780 -2.472240
 1.315000  1.089545 -4.106570 -2.472252
 1.320000  1.088152 -4.104470 -2.472242
 1.325000  1.086264 -4.101617 -2.472222
 1.330000  1.084094 -4.098334 -2.472193
 1.335000  1.081957 -4.095091 -2.472155
 1.340000  1.080257 -4.092501 -2.472116
 1.345000  1.079378 -4.091161 -2.472094
 1.350000  1.079545 -4.091414 -2.472097
 1.355000  1.080733 -4.093218 -2.472119
 1.360000  1.082716 -4.096221 -2.472147
 1.365000  1.085186 -4.099949 -2.472171
 1.370000  1.087841 -4.103953 -2.472191
 1.375000  1.090429 -4.107851 -2.472208
 1.380000  1.092726 -4.111316 -2.472226
 1.385000  1.094522 -4.114032 -2.472249
 1.390000  1.095600 -4.115671 -2.472271
 1.395000  1.095782 -4.115953 -2.472280
 1.400000  1.095049 -4.114835 -2.472263
 1.405000  1.093623 -4.112661 -2.472227
 1.410000  1.091885 -4.110027 -2.472200
 1.415000  1.090146 -4.107414 -2.472195
 1.420000  1.088543 -4.105007 -2.472193
 1.425000  1.087168 -4.102925 -2.472174
 1.430000  1.086226 -4.101481 -2.472142
 1.435000  1.086019 -4.101139 -2.472111
 1.440000  1.086803 -4.102304 -2.472099
 1.445000  1.088645 -4.105082 -2.472114
 1.450000  1.091334 -4.109156 -2.472154
 1.455000  1.094423 -4.113836 -2.472202
 1.460000  1.097405 -4.118341 -2.472233
 1.465000  1.099923 -4.122123 -2.472238
 1.470000  1.101855 -4.125013 -2.472231
 1.475000  1.103194 -4.127022 -2.472230
 1.480000  1.103940 -4.128128 -2.472218
 1.485000  1.104192 -4.128472 -2.472183
 1.490000  1.104243 -4.128510 -2.472146
 1.495000  1.104402 -4.128739 -2.472137
 1.500000  1.104743 -4.129278 -2.472163
 1.505000  1.105027 -4.129747 -2.472207
 1.510000  1.104856 -4.129525 -2.472241
 1.515000  1.103938 -4.128153 -2.472245
 1.520000  1.102266 -4.125619 -2.472220
 1.525000  1.100126 -4.122368 -2.472179
 1.530000  1.097999 -4.119129 -2.472130
 1.535000  1.096451 -4.116756 -2.472080
 1.540000  1.095990 -4.116046 -2.472061
 1.545000  1.096768 -4.117254 -2.472102
 1.550000  1.098386 -4.119747 -2.472169
 1.555000  1.100161 -4.122453 -2.472212
 1.560000  1.101580 -4.124586 -2.472216
 1.565000  1.102486 -4.125921 -2.472192
 1.570000  1.103013 -4.126676 -2.472156
 1.575000  1.103435 -4.127275 -2.472122
 1.580000  1.104033 -4.128148 -2.472098
 1.585000  1.104997 -4.129588 -2.472092
 1.590000  1.106343 -4.131625 -2.472111
 1.595000  1.107858 -4.133936 -2.472149
 1.600000  1.109176 -4.135945 -2.472182
 1.605000  1.109984 -4.137163 -2.472187
 1.610000  1.110222 -4.137498 -2.472164
 1.615000  1.110095 -4.137277 -2.472134
 1.620000  1.109884 -4.136947 -2.472121
 1.625000  1.109739 -4.136738 -2.472130
 1.630000  1.109619 -4.136575 -2.472147
 1.635000  1.109403 -4.136262 -2.472158
 1.640000  1.109008 -4.135672 -2.472161
 1.645000  1.108433 -4.134807 -2.472158
 1.650000  1.107736 -4.133755 -2.472151
 1.655000  1.106996 -4.132640 -2.472147
 1.660000  1.106267 -4.131548 -2.472148
 1.665000  1.105543 -4.130468 -2.472154
 1.670000  1.104751 -4.129287 -2.472161
 1.675000  1.103803 -4.127867 -2.472163
 1.680000  1.102655 -4.126140 -2.472158
 1.685000  1.101319 -4.124132 -2.472154
 1.690000  1.099805 -4.121865 -2.472157
 1.695000  1.098081 -4.119285 -2.472164
 1.700000  1.096102 -4.116316 -2.472164
 1.705000  1.093893 -4.112992 -2.472152
 1.710000  1.091603 -4.109534 -2.472130
 1.715000  1.089482 -4.106325 -2.472102
 1.720000  1.087847 -4.103843 -2.472073
 1.725000  1.087017 -4.102575 -2.472050
 1.730000  1.087239 -4.102902 -2.472044
 1.735000  1.088564 -4.104912 -2.472065
 1.740000  1.090776 -4.108272 -2.472108
 1.745000  1.093439 -4.112315 -2.472156
 1.750000  1.096058 -4.116285 -2.472197
 1.755000  1.098190 -4.119511 -2.472227
 1.760000  1.099514 -4.121507 -2.472236
 1.765000  1.099940 -4.122121 -2.472211
 1.770000  1.099687 -4.121688 -2.472158
 1.775000  1.099239 -4.120955 -2.472097
 1.780000  1.099145 -4.120770 -2.472053
 1.785000  1.099806 -4.121742 -2.472034
 1.790000  1.101369 -4.124089 -2.472036
 1.795000  1.103757 -4.127684 -2.472049
 1.800000  1.106757 -4.132202 -2.472067
 1.805000  1.110085 -4.137218 -2.472090
 1.810000  1.113413 -4.142233 -2.472113
 1.815000  1.116421 -4.146760 -2.472129
 1.820000  1.118878 -4.150451 -2.472134
 1.825000  1.120682 -4.153153 -2.472130
 1.830000  1.121840 -4.154882 -2.472122
 1.835000  1.122413 -4.155737 -2.472118
 1.840000  1.122460 -4.155810 -2.472120
 1.845000  1.122002 -4.155131 -2.472128
 1.850000  1.121022 -4.153672 -2.472139
 1.855000  1.119494 -4.151388 -2.472146
 1.860000  1.117452 -4.148318 -2.472139
 1.865000  1.115053 -4.144695 -2.472116
 1.870000  1.112585 -4.140963 -2.472087
 1.875000  1.110362 -4.137609 -2.472066
 1.880000  1.108603 -4.134960 -2.472056
 1.885000  1.107400 -4.133152 -2.472052
 1.890000  1.106770 -4.132204 -2.472050
 1.895000  1.106680 -4.132071 -2.472051
 1.900000  1.107065 -4.132653 -2.472056
 1.905000  1.107834 -4.133813 -2.472062
 1.910000  1.108875 -4.135386 -2.472074
 1.915000  1.110013 -4.137117 -2.472099
 1.920000  1.110962 -4.138574 -2.472130
 1.925000  1.111396 -4.139242 -2.472148
 1.930000  1.111133 -4.138831 -2.472132
 1.935000  1.110298 -4.137534 -2.472087
 1.940000  1.109303 -4.135988 -2.472033
 1.945000  1.108648 -4.134968 -2.471996
 1.950000  1.108695 -4.135030 -2.471988
 1.955000  1.109544 -4.136318 -2.472002
 1.960000  1.111080 -4.138640 -2.472021
 1.965000  1.113113 -4.141705 -2.472035
 1.970000  1.115458 -4.145237 -2.472050
 1.975000  1.117907 -4.148928 -2.472068
 1.980000  1.120225 -4.152421 -2.472084
 1.985000  1.122187 -4.155376 -2.472095
 1.990000  1.123618 -4.157525 -2.472098
 1.995000  1.124436 -4.158743 -2.472089
 2.000000  1.124679 -4.159090 -2.472072
 2.005000  1.124473 -4.158764 -2.472055
 2.010000  1.123947 -4.157969 -2.472049
 2.015000  1.123133 -4.156759 -2.472059
 2.020000  1.121950 -4.154996 -2.472070
 2.025000  1.120352 -4.152579 -2.472051
 2.030000  1.118563 -4.149842 -2.471998
 2.035000  1.117060 -4.147557 -2.471966
 2.040000  1.116110 -4.146157 -2.471993
 2.045000  1.115504 -4.145287 -2.472031
 2.050000  1.114886 -4.144373 -2.472045
 2.055000  1.114101 -4.143185 -2.472034
 2.060000  1.113233 -4.141862 -2.472012
 2.065000  1.112493 -4.140729 -2.471990
 2.070000  1.112102 -4.140129 -2.471976
 2.075000  1.112196 -4.140272 -2.471978
 2.080000  1.112758 -4.141132 -2.471994
 2.085000  1.113635 -4.142462 -2.472010
 2.090000  1.114657 -4.143998 -2.472013
 2.095000  1.115767 -4.145651 -2.472001
 2.100000  1.117021 -4.147518 -2.471987
 2.105000  1.118507 -4.149739 -2.471979
 2.110000  1.120253 -4.152360 -2.471981
 2.115000  1.122183 -4.155269 -2.471995
 2.120000  1.124113 -4.158186 -2.472016
 2.125000  1.125793 -4.160727 -2.472037
 2.130000  1.126996 -4.162540 -2.472047
 2.135000  1.127613 -4.163459 -2.472039
 2.140000  1.127711 -4.163585 -2.472019
 2.145000  1.127479 -4.163219 -2.472000
 2.150000  1.127097 -4.162641 -2.471997
 2.155000  1.126619 -4.161931 -2.472002
 2.160000  1.126022 -4.161036 -2.472003
 2.165000  1.125315 -4.159969 -2.471996
 2.170000  1.124573 -4.158847 -2.471988
 2.175000  1.123893 -4.157819 -2.471979
 2.180000  1.123390 -4.157054 -2.471969
 2.185000  1.123172 -4.156724 -2.471966
 2.190000  1.123266 -4.156878 -2.471978
 2.195000  1.123565 -4.157349 -2.472001
 2.200000  1.123875 -4.157831 -2.472019
 2.205000  1.124048 -4.158094 -2.472022
 2.210000  1.124063 -4.158110 -2.472016
 2.215000  1.123990 -4.158000 -2.472014
 2.220000  1.123858 -4.157816 -2.472029
 2.225000  1.123564 -4.157397 -2.472051
 2.230000  1.122942 -4.156477 -2.472063
 2.235000  1.121892 -4.154900 -2.472062
 2.240000  1.120420 -4.152685 -2.472055
 2.245000  1.118596 -4.149938 -2.472044
 2.250000  1.116517 -4.146810 -2.472034
 2.255000  1.114248 -4.143409 -2.472036
 2.260000  1.111771 -4.139702 -2.472045
 2.265000  1.109018 -4.135573 -2.472046
 2.270000  1.106025 -4.131060 -2.472023
 2.275000  1.103048 -4.126550 -2.471978
 2.280000  1.100551 -4.122754 -2.471927
 2.285000  1.099029 -4.120442 -2.471898
 2.290000  1.098764 -4.120053 -2.471907
 2.295000  1.099672 -4.121451 -2.471943
 2.300000  1.101379 -4.124055 -2.471986
 2.305000  1.103416 -4.127146 -2.472022
 2.310000  1.105361 -4.130090 -2.472049
 2.315000  1.106887 -4.132398 -2.472067
 2.320000  1.107791 -4.133756 -2.472070
 2.325000  1.108039 -4.134111 -2.472052
 2.330000  1.107785 -4.133705 -2.472027
 2.335000  1.107240 -4.132881 -2.472021
 2.340000  1.106448 -4.131715 -2.472043
 2.345000  1.105212 -4.129889 -2.472071
 2.350000  1.103284 -4.127005 -2.472079
 2.355000  1.100585 -4.122940 -2.472063
 2.360000  1.097295 -4.117968 -2.472025
 2.365000  1.093814 -4.112700 -2.471978
 2.370000  1.090637 -4.107897 -2.471942
 2.375000  1.088167 -4.104182 -2.471932
 2.380000  1.086563 -4.101790 -2.471946
 2.385000  1.085786 -4.100633 -2.471955
 2.390000  1.085805 -4.100653 -2.471946
 2.395000  1.086670 -4.101959 -2.471953
 2.400000  1.088260 -4.104391 -2.472002
 2.405000  1.090085 -4.107193 -2.472066
 2.410000  1.091503 -4.109364 -2.472109
 2.415000  1.092042 -4.110183 -2.472120
 2.420000  1.091545 -4.109424 -2.472107
 2.425000  1.090122 -4.107269 -2.472086
 2.430000  1.087999 -4.104066 -2.472068
 2.435000  1.085433 -4.100195 -2.472046
 2.440000  1.082749 -4.096135 -2.472011
 2.445000  1.080353 -4.092511 -2.471982
 2.450000  1.078572 -4.089830 -2.471972
 2.455000  1.077548 -4.088298 -2.471976
 2.460000  1.077240 -4.087855 -2.471995
 2.465000  1.077455 -4.088203 -2.472021
 2.470000  1.077958 -4.088968 -2.472031
 2.475000  1.078667 -4.090015 -2.472015
 2.480000  1.079726 -4.091573 -2.471984
 2.485000  1.081418 -4.094083 -2.471957
 2.490000  1.083973 -4.097915 -2.471957
 2.495000  1.087362 -4.103038 -2.471995
 2.500000  1.091194 -4.108851 -2.472060
 2.505000  1.094839 -4.114377 -2.472119
 2.510000  1.097730 -4.118740 -2.472145
 2.515000  1.099604 -4.121547 -2.472141
 2.520000  1.100495 -4.122871 -2.472128
 2.525000  1.100543 -4.122937 -2.472123
 2.530000  1.099861 -4.121909 -2.472117
 2.535000  1.098561 -4.119943 -2.472101
 2.540000  1.096827 -4.117319 -2.472078
 2.545000  1.094882 -4.114386 -2.472062
 2.550000  1.092870 -4.111366 -2.472061
 2.555000  1.090804 -4.108275 -2.472069
 2.560000  1.088608 -4.104992 -2.472079
 2.565000  1.086175 -4.101350 -2.472087
 2.570000  1.083443 -4.097247 -2.472083
 2.575000  1.080471 -4.092768 -2.472061
 2.580000  1.077488 -4.088262 -2.472030
 2.585000  1.074808 -4.084217 -2.472005
 2.590000  1.072713 -4.081060 -2.471990
 2.595000  1.071388 -4.079067 -2.471985
 2.600000  1.070902 -4.078344 -2.471990
 2.605000  1.071213 -4.078823 -2.472003
 2.610000  1.072160 -4.080266 -2.472026
 2.615000  1.073493 -4.082284 -2.472045
 2.620000  1.074983 -4.084524 -2.472048
 2.625000  1.076543 -4.086852 -2.472038
 2.630000  1.078209 -4.089341 -2.472028
 2.635000  1.080029 -4.092074 -2.472030
 2.640000  1.081943 -4.094959 -2.472044
 2.645000  1.083790 -4.097744 -2.472060
 2.650000  1.085383 -4.100146 -2.472072
 2.655000  1.086565 -4.101924 -2.472076
 2.660000  1.087278 -4.102980 -2.472062
 2.665000  1.087636 -4.103486 -2.472032
 2.670000  1.087896 -4.103852 -2.472008
 2.675000  1.088266 -4.104413 -2.472014
 2.680000  1.088684 -4.105079 -2.472053
 2.685000  1.088826 -4.105333 -2.472094
 2.690000  1.088350 -4.104636 -2.472110
 2.695000  1.087121 -4.102785 -2.472103
 2.700000  1.085236 -4.099939 -2.472085
 2.705000  1.082905 -4.096425 -2.472067
 2.710000  1.080364 -4.092594 -2.472048
 2.715000  1.077843 -4.088793 -2.472028
 2.720000  1.075573 -4.085370 -2.472011
 2.725000  1.073752 -4.082626 -2.471998
 2.730000  1.072534 -4.080792 -2.471991
 2.735000  1.071963 -4.079952 -2.472008
 2.740000  1.071877 -4.079854 -2.472039
 2.745000  1.071994 -4.080049 -2.472058
 2.750000  1.072113 -4.080236 -2.472067
 2.755000  1.072155 -4.080300 -2.472068
 2.760000  1.072152 -4.080280 -2.472052
 2.765000  1.072254 -4.080419 -2.472038
 2.770000  1.072566 -4.080907 -2.472058
 2.775000  1.072883 -4.081434 -2.472109
 2.780000  1.072725 -4.081242 -2.472154
 2.785000  1.071651 -4.079647 -2.472171
 2.790000  1.069491 -4.076397 -2.472160
 2.795000  1.066370 -4.071686 -2.472131
 2.800000  1.062625 -4.066027 -2.472090
 2.805000  1.058741 -4.060151 -2.472039
 2.810000  1.055300 -4.054936 -2.471986
 2.815000  1.052867 -4.051250 -2.471950
 2.820000  1.051805 -4.049656 -2.471949
 2.825000  1.052145 -4.050187 -2.471970
 2.830000  1.053665 -4.052492 -2.471994
 2.835000  1.056052 -4.056102 -2.472024
 2.840000  1.058917 -4.060442 -2.472067
 2.845000  1.061751 -4.064744 -2.472117
 2.850000  1.064006 -4.068167 -2.472158
 2.855000  1.065238 -4.070038 -2.472181
 2.860000  1.065219 -4.070007 -2.472178
 2.865000  1.064009 -4.068157 -2.472144
 2.870000  1.062009 -4.065094 -2.472081
 2.875000  1.059915 -4.061878 -2.472006
 2.880000  1.058501 -4.059711 -2.471959
 2.885000  1.058257 -4.059353 -2.471967
 2.890000  1.059156 -4.060746 -2.472012
 2.895000  1.060809 -4.063266 -2.472053
 2.900000  1.062817 -4.066293 -2.472068
 2.905000  1.065002 -4.069559 -2.472056
 2.910000  1.067422 -4.073172 -2.472039
 2.915000  1.070162 -4.077290 -2.472047
 2.920000  1.073098 -4.081728 -2.472081
 2.925000  1.075866 -4.085919 -2.472119
 2.930000  1.078053 -4.089227 -2.472147
 2.935000  1.079313 -4.091141 -2.472171
 2.940000  1.079383 -4.091256 -2.472182
 2.945000  1.078149 -4.089393 -2.472170
 2.950000  1.075730 -4.085735 -2.472139
 2.955000  1.072457 -4.080785 -2.472099
 2.960000  1.068773 -4.075219 -2.472059
 2.965000  1.065115 -4.069705 -2.472032
 2.970000  1.061786 -4.064705 -2.472025
 2.975000  1.058895 -4.060372 -2.472030
 2.980000  1.056425 -4.056667 -2.472030
 2.985000  1.054360 -4.053565 -2.472026
 2.990000  1.052694 -4.051073 -2.472032
 2.995000  1.051330 -4.049051 -2.472057
 3.000000  1.050046 -4.047151 -2.472081
 3.005000  1.048648 -4.045054 -2.472083
 3.010000  1.047167 -4.042803 -2.472052
 3.015000  1.045938 -4.040910 -2.472002
 3.020000  1.045451 -4.040139 -2.471964
 3.025000  1.046075 -4.041072 -2.471959
 3.030000  1.047851 -4.043761 -2.471985
 3.035000  1.050512 -4.047788 -2.472019
 3.040000  1.053673 -4.052558 -2.472049
 3.045000  1.056981 -4.057539 -2.472068
 3.050000  1.060172 -4.062340 -2.472082
 3.055000  1.063037 -4.066648 -2.472093
 3.060000  1.065432 -4.070236 -2.472087
 3.065000  1.067341 -4.073083 -2.472073
 3.070000  1.068816 -4.075296 -2.472072
 3.075000  1.069807 -4.076802 -2.472092
 3.080000  1.070109 -4.077276 -2.472113
 3.085000  1.069527 -4.076403 -2.472112
 3.090000  1.068085 -4.074208 -2.472081
 3.095000  1.066111 -4.071193 -2.472027
 3.100000  1.064148 -4.068197 -2.471975
 3.105000  1.062735 -4.066049 -2.471947
 3.110000  1.062210 -4.065255 -2.471941
 3.115000  1.062692 -4.065982 -2.471945
 3.120000  1.064172 -4.068214 -2.471956
 3.125000  1.066530 -4.071779 -2.471983
 3.130000  1.069464 -4.076230 -2.472034
 3.135000  1.072448 -4.080768 -2.472096
 3.140000  1.074852 -4.084422 -2.472144
 3.145000  1.076176 -4.086425 -2.472161
 3.150000  1.076217 -4.086476 -2.472151
 3.155000  1.075046 -4.084697 -2.472128
 3.160000  1.072897 -4.081450 -2.472104
 3.165000  1.070044 -4.077153 -2.472087
 3.170000  1.066733 -4.072171 -2.472071
 3.175000  1.063227 -4.066884 -2.472043
 3.180000  1.059907 -4.061861 -2.472000
 3.185000  1.057264 -4.057858 -2.471962
 3.190000  1.055725 -4.055538 -2.471951
 3.195000  1.055453 -4.055151 -2.471972
 3.200000  1.056283 -4.056440 -2.472015
 3.205000  1.057800 -4.058767 -2.472066
 3.210000  1.059503 -4.061358 -2.472104
 3.215000  1.061017 -4.063633 -2.472107
 3.220000  1.062278 -4.065492 -2.472075
 3.225000  1.063527 -4.067323 -2.472034
 3.230000  1.065100 -4.069660 -2.472011
 3.235000  1.067170 -4.072774 -2.472020
 3.240000  1.069611 -4.076472 -2.472055
 3.245000  1.072045 -4.080167 -2.472100
 3.250000  1.073997 -4.083129 -2.472134
 3.255000  1.075097 -4.084786 -2.472141
 3.260000  1.075232 -4.084965 -2.472118
 3.265000  1.074585 -4.083954 -2.472077
 3.270000  1.073526 -4.082324 -2.472035
 3.275000  1.072456 -4.080688 -2.472005
 3.280000  1.071678 -4.079509 -2.471992
 3.285000  1.071325 -4.078987 -2.471999
 3.290000  1.071354 -4.079046 -2.472015
 3.295000  1.071624 -4.079464 -2.472029
 3.300000  1.071995 -4.080031 -2.472039
 3.305000  1.072352 -4.080577 -2.472049
 3.310000  1.072571 -4.080919 -2.472063
 3.315000  1.072513 -4.080846 -2.472077
 3.320000  1.072049 -4.080160 -2.472087
 3.325000  1.071102 -4.078741 -2.472087
 3.330000  1.069718 -4.076646 -2.472070
 3.335000  1.068095 -4.074187 -2.472045
 3.340000  1.066491 -4.071768 -2.472032
 3.345000  1.065072 -4.069636 -2.472029
 3.350000  1.063909 -4.067885 -2.472022
 3.355000  1.063067 -4.066614 -2.472014
 3.360000  1.062588 -4.065900 -2.472017
 3.365000  1.062412 -4.065649 -2.472031
 3.370000  1.062395 -4.065631 -2.472039
 3.375000  1.062451 -4.065703 -2.472026
 3.380000  1.062678 -4.066013 -2.471996
 3.385000  1.063308 -4.066932 -2.471969
 3.390000  1.064553 -4.068782 -2.471953
 3.395000  1.066508 -4.071708 -2.471947
 3.400000  1.069135 -4.075661 -2.471959
 3.405000  1.072200 -4.080294 -2.471995
 3.410000  1.075246 -4.084913 -2.472044
 3.415000  1.077710 -4.088650 -2.472085
 3.420000  1.079112 -4.090772 -2.472104
 3.425000  1.079194 -4.090893 -2.472103
 3.430000  1.077933 -4.088987 -2.472087
 3.435000  1.075482 -4.085287 -2.472065
 3.440000  1.072112 -4.080205 -2.472036
 3.445000  1.068178 -4.074271 -2.472004
 3.450000  1.064096 -4.068112 -2.471968
 3.455000  1.060313 -4.062402 -2.471933
 3.460000  1.057248 -4.057782 -2.471911
 3.465000  1.055166 -4.054665 -2.471916
 3.470000  1.054057 -4.053030 -2.471944
 3.475000  1.053678 -4.052491 -2.471974
 3.480000  1.053734 -4.052590 -2.471989
 3.485000  1.054039 -4.053046 -2.471987
 3.490000  1.054552 -4.053806 -2.471978
 3.495000  1.055297 -4.054920 -2.471974
 3.500000  1.056264 -4.056376 -2.471980
 3.505000  1.057361 -4.058033 -2.471991
 3.510000  1.058478 -4.059713 -2.471996
 3.515000  1.059574 -4.061351 -2.471990
 3.520000  1.060716 -4.063053 -2.471979
 3.525000  1.062025 -4.065012 -2.471974
 3.530000  1.063569 -4.067338 -2.471986
 3.535000  1.065252 -4.069895 -2.472017
 3.540000  1.066796 -4.072252 -2.472059
 3.545000  1.067827 -4.073833 -2.472091
 3.550000  1.068055 -4.074184 -2.472101
 3.555000  1.067398 -4.073187 -2.472090
 3.560000  1.065977 -4.071037 -2.472072
 3.565000  1.064002 -4.068062 -2.472059
 3.570000  1.061667 -4.064551 -2.472050
 3.575000  1.059149 -4.060760 -2.472036
 3.580000  1.056660 -4.057008 -2.472018
 3.585000  1.054454 -4.053683 -2.472002
 3.590000  1.052758 -4.051131 -2.471994
 3.595000  1.051700 -4.049550 -2.471999
 3.600000  1.051260 -4.048911 -2.472021
 3.605000  1.051239 -4.048914 -2.472054
 3.610000  1.051320 -4.049062 -2.472083
 3.615000  1.051223 -4.048927 -2.472092
 3.620000  1.050848 -4.048354 -2.472082
 3.625000  1.050263 -4.047464 -2.472069
 3.630000  1.049560 -4.046411 -2.472070
 3.635000  1.048722 -4.045160 -2.472077
 3.640000  1.047693 -4.043607 -2.472068
 3.645000  1.046562 -4.041879 -2.472036
 3.650000  1.045617 -4.040422 -2.471996
 3.655000  1.045207 -4.039787 -2.471976
 3.660000  1.045505 -4.040251 -2.471994
 3.665000  1.046336 -4.041546 -2.472042
 3.670000  1.047254 -4.042971 -2.472090
 3.675000  1.047814 -4.043831 -2.472109
 3.680000  1.047839 -4.043851 -2.472093
 3.685000  1.047489 -4.043288 -2.472054
 3.690000  1.047139 -4.042722 -2.472015
 3.695000  1.047173 -4.042750 -2.471990
 3.700000  1.047841 -4.043746 -2.471984
 3.705000  1.049201 -4.045794 -2.471993
 3.710000  1.051157 -4.048743 -2.472007
 3.715000  1.053538 -4.052329 -2.472023
 3.720000  1.056146 -4.056257 -2.472039
 3.725000  1.058775 -4.060217 -2.472054
 3.730000  1.061238 -4.063918 -2.472061
 3.735000  1.063432 -4.067200 -2.472052
 3.740000  1.065388 -4.070115 -2.472032
 3.745000  1.067234 -4.072869 -2.472018
 3.750000  1.069019 -4.075559 -2.472031
 3.755000  1.070561 -4.077910 -2.472068
 3.760000  1.071451 -4.079289 -2.472113
 3.765000  1.071220 -4.078976 -2.472146
 3.770000  1.069525 -4.076444 -2.472157
 3.775000  1.066265 -4.071540 -2.472142
 3.780000  1.061631 -4.064551 -2.472104
 3.785000  1.056073 -4.056159 -2.472049
 3.790000  1.050234 -4.047337 -2.471986
 3.795000  1.044858 -4.039209 -2.471922
 3.800000  1.040686 -4.032898 -2.471870
 3.805000  1.038306 -4.029306 -2.471847
 3.810000  1.037978 -4.028837 -2.471870
 3.815000  1.039506 -4.031190 -2.471931
 3.820000  1.042294 -4.035444 -2.472003
 3.825000  1.045611 -4.040473 -2.472056
 3.830000  1.048873 -4.045389 -2.472079
 3.835000  1.051756 -4.049717 -2.472083
 3.840000  1.054125 -4.053271 -2.472084
 3.845000  1.055906 -4.055948 -2.472089
 3.850000  1.057019 -4.057623 -2.472094
 3.855000  1.057418 -4.058217 -2.472090
 3.860000  1.057166 -4.057823 -2.472073
 3.865000  1.056452 -4.056733 -2.472055
 3.870000  1.055487 -4.055280 -2.472050
 3.875000  1.054384 -4.053634 -2.472058
 3.880000  1.053153 -4.051792 -2.472063
 3.885000  1.051836 -4.049804 -2.472049
 3.890000  1.050610 -4.047941 -2.472026
 3.895000  1.049717 -4.046586 -2.472011
 3.900000  1.049294 -4.045952 -2.472011
 3.905000  1.049325 -4.046006 -2.472018
 3.910000  1.049692 -4.046567 -2.472029
 3.915000  1.050233 -4.047393 -2.472043
 3.920000  1.050777 -4.048219 -2.472052
 3.925000  1.051208 -4.048864 -2.472051
 3.930000  1.051519 -4.049320 -2.472042
 3.935000  1.051791 -4.049719 -2.472032
 3.940000  1.052135 -4.050226 -2.472024
 3.945000  1.052642 -4.050984 -2.472021
 3.950000  1.053344 -4.052047 -2.472030
 3.955000  1.054157 -4.053288 -2.472052
 3.960000  1.054874 -4.054389 -2.472078
 3.965000  1.055248 -4.054973 -2.472101
 3.970000  1.055052 -4.054700 -2.472122
 3.975000  1.054095 -4.053282 -2.472140
 3.980000  1.052246 -4.050512 -2.472144
 3.985000  1.049530 -4.046420 -2.472125
 3.990000  1.046193 -4.041377 -2.472087
 3.995000  1.042649 -4.036020 -2.472046
 4.000000  1.039353 -4.031039 -2.472010
 4.005000  1.036699 -4.027029 -2.471980
 4.010000  1.035003 -4.024464 -2.471960
 4.015000  1.034450 -4.023633 -2.471958
 4.020000  1.035048 -4.024544 -2.471972
 4.025000  1.036650 -4.026963 -2.471989
 4.030000  1.039063 -4.030595 -2.472000
 4.035000  1.042137 -4.035213 -2.472007
 4.040000  1.045747 -4.040641 -2.472020
 4.045000  1.049696 -4.046593 -2.472050
 4.050000  1.053646 -4.052556 -2.472087
 4.055000  1.057192 -4.057902 -2.472113
 4.060000  1.060031 -4.062164 -2.472117
 4.065000  1.062063 -4.065197 -2.472103
 4.070000  1.063383 -4.067151 -2.472076
 4.075000  1.064217 -4.068374 -2.472048
 4.080000  1.064803 -4.069238 -2.472033
 4.085000  1.065276 -4.069943 -2.472030
 4.090000  1.065668 -4.070528 -2.472027
 4.095000  1.066000 -4.071020 -2.472020
 4.100000  1.066309 -4.071482 -2.472018
 4.105000  1.066586 -4.071909 -2.472030
 4.110000  1.066708 -4.072116 -2.472054
 4.115000  1.066444 -4.071746 -2.472080
 4.120000  1.065558 -4.070429 -2.472093
 4.125000  1.063947 -4.068005 -2.472084
 4.130000  1.061716 -4.064633 -2.472058
 4.135000  1.059142 -4.060740 -2.472028
 4.140000  1.056551 -4.056832 -2.472006
 4.145000  1.054191 -4.053287 -2.472001
 4.150000  1.052153 -4.050241 -2.472011
 4.155000  1.050396 -4.047617 -2.472023
 4.160000  1.048830 -4.045276 -2.472031
 4.165000  1.047406 -4.043141 -2.472032
 4.170000  1.046123 -4.041215 -2.472031
 4.175000  1.045011 -4.039543 -2.472026
 4.180000  1.044132 -4.038216 -2.472017
 4.185000  1.043589 -4.037390 -2.472006
 4.190000  1.043502 -4.037249 -2.471996
 4.195000  1.043973 -4.037950 -2.471990
 4.200000  1.045065 -4.039587 -2.471990
 4.205000  1.046769 -4.042151 -2.471998
 4.210000  1.048985 -4.045491 -2.472014
 4.215000  1.051504 -4.049300 -2.472044
 4.220000  1.053973 -4.053049 -2.472089
 4.225000  1.055911 -4.055994 -2.472127
 4.230000  1.056924 -4.057516 -2.472130
 4.235000  1.056942 -4.057511 -2.472098
 4.240000  1.056231 -4.056400 -2.472054
 4.245000  1.055199 -4.054818 -2.472019
 4.250000  1.054189 -4.053287 -2.472003
 4.255000  1.053392 -4.052086 -2.471998
 4.260000  1.052898 -4.051336 -2.471990
 4.265000  1.052793 -4.051168 -2.471979
 4.270000  1.053159 -4.051715 -2.471976
 4.275000  1.053987 -4.052971 -2.471991
 4.280000  1.055099 -4.054669 -2.472020
 4.285000  1.056193 -4.056339 -2.472049
 4.290000  1.056949 -4.057492 -2.472069
 4.295000  1.057142 -4.057788 -2.472076
 4.300000  1.056679 -4.057091 -2.472073
 4.305000  1.055580 -4.055434 -2.472065
 4.310000  1.053938 -4.052960 -2.472054
 4.315000  1.051899 -4.049887 -2.472039
 4.320000  1.049649 -4.046495 -2.472022
 4.325000  1.047409 -4.043115 -2.472001
 4.330000  1.045431 -4.040126 -2.471978
 4.335000  1.043974 -4.037920 -2.471959
 4.340000  1.043238 -4.036810 -2.471952
 4.345000  1.043299 -4.036909 -2.471961
 4.350000  1.044064 -4.038078 -2.471982
 4.355000  1.045327 -4.039994 -2.472004
 4.360000  1.046874 -4.042325 -2.472015
 4.365000  1.048569 -4.044871 -2.472017
 4.370000  1.050365 -4.047565 -2.472017
 4.375000  1.052231 -4.050369 -2.472022
 4.380000  1.054101 -4.053185 -2.472034
 4.385000  1.055829 -4.055800 -2.472057
 4.390000  1.057188 -4.057864 -2.472082
 4.395000  1.057959 -4.059028 -2.472091
 4.400000  1.058076 -4.059190 -2.472075
 4.405000  1.057709 -4.058606 -2.472043
 4.410000  1.057205 -4.057810 -2.472002
 4.415000  1.056986 -4.057449 -2.471970
 4.420000  1.057367 -4.058019 -2.471968
 4.425000  1.058381 -4.059567 -2.471996
 4.430000  1.059763 -4.061679 -2.472034
 4.435000  1.061140 -4.063773 -2.472064
 4.440000  1.062201 -4.065381 -2.472079
 4.445000  1.062783 -4.066256 -2.472082
 4.450000  1.062868 -4.066376 -2.472074
 4.455000  1.062565 -4.065905 -2.472056
 4.460000  1.062083 -4.065158 -2.472033
 4.465000  1.061690 -4.064544 -2.472009
 4.470000  1.061651 -4.064469 -2.471992
 4.475000  1.062139 -4.065202 -2.471994
 4.480000  1.063136 -4.066721 -2.472017
 4.485000  1.064413 -4.068669 -2.472050
 4.490000  1.065655 -4.070551 -2.472068
 4.495000  1.066658 -4.072054 -2.472066
 4.500000  1.067377 -4.073126 -2.472061
 4.505000  1.067800 -4.073767 -2.472066
 4.510000  1.067831 -4.073828 -2.472082
 4.515000  1.067299 -4.073040 -2.472091
 4.520000  1.066100 -4.071230 -2.472080
 4.525000  1.064311 -4.068517 -2.472051
 4.530000  1.062197 -4.065311 -2.472015
 4.535000  1.060098 -4.062131 -2.471985
 4.540000  1.058314 -4.059436 -2.471965
 4.545000  1.057056 -4.057540 -2.471956
 4.550000  1.056429 -4.056600 -2.471957
 4.555000  1.056440 -4.056624 -2.471965
 4.560000  1.057018 -4.057504 -2.471977
 4.565000  1.058046 -4.059060 -2.471991
 4.570000  1.059363 -4.061055 -2.472010
 4.575000  1.060752 -4.063164 -2.472036
 4.580000  1.061939 -4.064969 -2.472061
 4.585000  1.062666 -4.066075 -2.472076
 4.590000  1.062766 -4.066229 -2.472080
 4.595000  1.062199 -4.065371 -2.472073
 4.600000  1.061030 -4.063606 -2.472061
 4.605000  1.059400 -4.061146 -2.472047
 4.610000  1.057483 -4.058255 -2.472030
 4.615000  1.055492 -4.055248 -2.472010
 4.620000  1.053679 -4.052506 -2.471988
 4.625000  1.052281 -4.050399 -2.471978
 4.630000  1.051409 -4.049105 -2.471991
 4.635000  1.050951 -4.048452 -2.472025
 4.640000  1.050583 -4.047943 -2.472068
 4.645000  1.049902 -4.046958 -2.472104
 4.650000  1.048589 -4.045001 -2.472118
 4.655000  1.046561 -4.041941 -2.472099
 4.660000  1.044063 -4.038145 -2.472051
 4.665000  1.041606 -4.034407 -2.471999
 4.670000  1.039729 -4.031571 -2.471977
 4.675000  1.038692 -4.030029 -2.471992
 4.680000  1.038407 -4.029627 -2.472016
 4.685000  1.038622 -4.029977 -2.472044
 4.690000  1.039014 -4.030594 -2.472073
 4.695000  1.039275 -4.030992 -2.472080
 4.700000  1.039303 -4.031011 -2.472056
 4.705000  1.039296 -4.030956 -2.472012
 4.710000  1.039647 -4.031441 -2.471971
 4.715000  1.040724 -4.033043 -2.471957
 4.720000  1.042640 -4.035938 -2.471978
 4.725000  1.045171 -4.039778 -2.472022
 4.730000  1.047889 -4.043896 -2.472063
 4.735000  1.050390 -4.047663 -2.472079
 4.740000  1.052508 -4.050825 -2.472063
 4.745000  1.054369 -4.053588 -2.472035
 4.750000  1.056202 -4.056325 -2.472023
 4.755000  1.058118 -4.059203 -2.472027
 4.760000  1.060071 -4.062140 -2.472033
 4.765000  1.061954 -4.064972 -2.472041
 4.770000  1.063635 -4.067501 -2.472049
 4.775000  1.064977 -4.069517 -2.472051
 4.780000  1.065901 -4.070899 -2.472048
 4.785000  1.066385 -4.071623 -2.472045
 4.790000  1.066422 -4.071682 -2.472049
 4.795000  1.065968 -4.071011 -2.472058
 4.800000  1.064953 -4.069497 -2.472067
 4.805000  1.063329 -4.067061 -2.472068
 4.810000  1.061148 -4.063775 -2.472052
 4.815000  1.058626 -4.059961 -2.472022
 4.820000  1.056094 -4.056137 -2.471996
 4.825000  1.053840 -4.052752 -2.471992
 4.830000  1.051959 -4.049947 -2.472008
 4.835000  1.050359 -4.047568 -2.472029
 4.840000  1.048875 -4.045357 -2.472045
 4.845000  1.047393 -4.043133 -2.472044
 4.850000  1.045959 -4.040957 -2.472018
 4.855000  1.044834 -4.039228 -2.471978
 4.860000  1.044392 -4.038535 -2.471947
 4.865000  1.044919 -4.039318 -2.471939
 4.870000  1.046472 -4.041658 -2.471949
 4.875000  1.048920 -4.045346 -2.471967
 4.880000  1.052026 -4.050027 -2.471988
 4.885000  1.055494 -4.055257 -2.472016
 4.890000  1.058966 -4.060498 -2.472049
 4.895000  1.062028 -4.065128 -2.472086
 4.900000  1.064259 -4.068507 -2.472119
 4.905000  1.065301 -4.070090 -2.472138
 4.910000  1.064977 -4.069594 -2.472129
 4.915000  1.063408 -4.067197 -2.472086
 4.920000  1.061066 -4.063619 -2.472020
 4.925000  1.058630 -4.059911 -2.471965
 4.930000  1.056680 -4.056968 -2.471948
 4.935000  1.055457 -4.055151 -2.471966
 4.940000  1.054859 -4.054288 -2.471999
 4.945000  1.054603 -4.053938 -2.472033
 4.950000  1.054379 -4.053632 -2.472063
 4.955000  1.053903 -4.052947 -2.472092
 4.960000  1.052917 -4.051493 -2.472117
 4.965000  1.051224 -4.048965 -2.472129
 4.970000  1.048774 -4.045278 -2.472117
 4.975000  1.045767 -4.040726 -2.472075
 4.980000  1.042684 -4.036041 -2.472014
 4.985000  1.040152 -4.032194 -2.471966
 4.990000  1.038654 -4.029933 -2.471952
 4.995000  1.038334 -4.029464 -2.471963
 5.000000  1.039053 -4.030563 -2.471984
